178  1  10
0.000000   9
1.000000   6
2.000000   8
3.000000   9
4.000000   8
5.000000   6
6.000000   11
7.000000   6
8.000000   6
9.000000   6
10.000000   13
11.000000   8
12.000000   4
13.000000   10
14.000000   13
15.000000   8
16.000000   11
17.000000   4
18.000000   6
19.000000   11
20.000000   6
21.000000   9
22.000000   13
23.000000   10
24.000000   10
25.000000   8
26.000000   8
27.000000   6
28.000000   1
29.000000   1
30.000000   11
31.000000   7
32.000000   1
33.000000   9
34.000000   9
35.000000   2
36.000000   10
37.000000   6
38.000000   8
39.000000   13
40.000000   2
41.000000   11
42.000000   8
43.000000   1
44.000000   6
45.000000   2
46.000000   10
47.000000   2
48.000000   2
49.000000   11
50.000000   6
51.000000   1
52.000000   13
53.000000   10
54.000000   9
55.000000   8
56.000000   13
57.000000   13
58.000000   8
59.000000   1
60.000000   6
61.000000   11
62.000000   6
63.000000   1
64.000000   8
65.000000   8
66.000000   10
67.000000   1
68.000000   11
69.000000   6
70.000000   7
71.000000   1
72.000000   10
73.000000   4
74.000000   10
75.000000   7
76.000000   6
77.000000   1
78.000000   1
79.000000   8
80.000000   6
81.000000   10
82.000000   6
83.000000   9
84.000000   13
85.000000   1
86.000000   8
87.000000   8
88.000000   8
89.000000   13
90.000000   11
91.000000   9
92.000000   6
93.000000   9
94.000000   13
95.000000   9
96.000000   6
97.000000   13
98.000000   11
99.000000   13
100.000000   11
101.000000   10
102.000000   8
103.000000   4
104.000000   2
105.000000   6
106.000000   11
107.000000   13
108.000000   8
109.000000   6
110.000000   1
111.000000   11
112.000000   6
113.000000   8
114.000000   4
115.000000   9
116.000000   6
117.000000   10
118.000000   9
119.000000   11
120.000000   1
121.000000   6
122.000000   2
123.000000   11
124.000000   9
125.000000   13
126.000000   10
127.000000   9
128.000000   1
129.000000   6
130.000000   9
131.000000   8
132.000000   1
133.000000   1
134.000000   9
135.000000   9
136.000000   1
137.000000   4
138.000000   1
139.000000   8
140.000000   9
141.000000   2
142.000000   8
143.000000   4
144.000000   6
145.000000   6
146.000000   2
147.000000   7
148.000000   6
149.000000   6
150.000000   1
151.000000   9
152.000000   8
153.000000   1
154.000000   6
155.000000   8
156.000000   1
157.000000   1
158.000000   6
159.000000   6
160.000000   13
161.000000   13
162.000000   10
163.000000   1
164.000000   13
165.000000   11
166.000000   1
167.000000   10
168.000000   2
169.000000   1
170.000000   2
171.000000   13
172.000000   9
173.000000   8
174.000000   6
175.000000   8
176.000000   7
177.000000   10
