178  1  10
0.000000   11
1.000000   1
2.000000   1
3.000000   11
4.000000   13
5.000000   1
6.000000   9
7.000000   1
8.000000   1
9.000000   1
10.000000   7
11.000000   1
12.000000   10
13.000000   2
14.000000   7
15.000000   13
16.000000   8
17.000000   10
18.000000   1
19.000000   8
20.000000   1
21.000000   11
22.000000   7
23.000000   2
24.000000   4
25.000000   13
26.000000   13
27.000000   1
28.000000   2
29.000000   2
30.000000   8
31.000000   6
32.000000   2
33.000000   11
34.000000   11
35.000000   6
36.000000   4
37.000000   1
38.000000   13
39.000000   7
40.000000   6
41.000000   8
42.000000   13
43.000000   1
44.000000   1
45.000000   6
46.000000   4
47.000000   6
48.000000   6
49.000000   9
50.000000   1
51.000000   2
52.000000   7
53.000000   2
54.000000   11
55.000000   13
56.000000   6
57.000000   6
58.000000   1
59.000000   2
60.000000   1
61.000000   8
62.000000   1
63.000000   2
64.000000   1
65.000000   13
66.000000   4
67.000000   2
68.000000   8
69.000000   1
70.000000   6
71.000000   2
72.000000   4
73.000000   10
74.000000   2
75.000000   11
76.000000   1
77.000000   2
78.000000   1
79.000000   13
80.000000   1
81.000000   4
82.000000   1
83.000000   11
84.000000   7
85.000000   2
86.000000   13
87.000000   13
88.000000   13
89.000000   7
90.000000   8
91.000000   11
92.000000   1
93.000000   11
94.000000   7
95.000000   11
96.000000   1
97.000000   7
98.000000   9
99.000000   7
100.000000   8
101.000000   7
102.000000   1
103.000000   10
104.000000   6
105.000000   1
106.000000   8
107.000000   7
108.000000   1
109.000000   1
110.000000   2
111.000000   9
112.000000   1
113.000000   1
114.000000   10
115.000000   11
116.000000   1
117.000000   4
118.000000   11
119.000000   8
120.000000   1
121.000000   1
122.000000   6
123.000000   8
124.000000   11
125.000000   7
126.000000   4
127.000000   11
128.000000   2
129.000000   1
130.000000   11
131.000000   13
132.000000   1
133.000000   2
134.000000   11
135.000000   11
136.000000   2
137.000000   10
138.000000   2
139.000000   13
140.000000   11
141.000000   6
142.000000   13
143.000000   10
144.000000   1
145.000000   1
146.000000   6
147.000000   11
148.000000   1
149.000000   1
150.000000   2
151.000000   11
152.000000   1
153.000000   2
154.000000   1
155.000000   1
156.000000   2
157.000000   1
158.000000   1
159.000000   1
160.000000   6
161.000000   7
162.000000   4
163.000000   2
164.000000   7
165.000000   8
166.000000   2
167.000000   2
168.000000   6
169.000000   1
170.000000   6
171.000000   7
172.000000   11
173.000000   1
174.000000   1
175.000000   13
176.000000   11
177.000000   2
