178  1  3
0.000000   5
1.000000   6
2.000000   6
3.000000   5
4.000000   6
5.000000   6
6.000000   12
7.000000   6
8.000000   6
9.000000   6
10.000000   5
11.000000   6
12.000000   12
13.000000   5
14.000000   5
15.000000   6
16.000000   12
17.000000   12
18.000000   6
19.000000   12
20.000000   6
21.000000   5
22.000000   5
23.000000   5
24.000000   5
25.000000   6
26.000000   6
27.000000   6
28.000000   6
29.000000   6
30.000000   12
31.000000   5
32.000000   6
33.000000   5
34.000000   5
35.000000   5
36.000000   5
37.000000   6
38.000000   6
39.000000   5
40.000000   5
41.000000   12
42.000000   6
43.000000   6
44.000000   6
45.000000   5
46.000000   5
47.000000   5
48.000000   5
49.000000   12
50.000000   6
51.000000   6
52.000000   5
53.000000   5
54.000000   5
55.000000   6
56.000000   5
57.000000   5
58.000000   6
59.000000   6
60.000000   6
61.000000   12
62.000000   6
63.000000   5
64.000000   6
65.000000   6
66.000000   5
67.000000   6
68.000000   12
69.000000   6
70.000000   5
71.000000   6
72.000000   5
73.000000   12
74.000000   5
75.000000   5
76.000000   6
77.000000   6
78.000000   6
79.000000   6
80.000000   6
81.000000   5
82.000000   6
83.000000   5
84.000000   5
85.000000   6
86.000000   6
87.000000   6
88.000000   6
89.000000   5
90.000000   12
91.000000   5
92.000000   6
93.000000   5
94.000000   5
95.000000   5
96.000000   6
97.000000   5
98.000000   12
99.000000   5
100.000000   12
101.000000   5
102.000000   6
103.000000   12
104.000000   5
105.000000   6
106.000000   12
107.000000   5
108.000000   6
109.000000   6
110.000000   6
111.000000   12
112.000000   6
113.000000   6
114.000000   12
115.000000   5
116.000000   6
117.000000   5
118.000000   5
119.000000   12
120.000000   6
121.000000   6
122.000000   5
123.000000   12
124.000000   5
125.000000   5
126.000000   5
127.000000   5
128.000000   6
129.000000   6
130.000000   5
131.000000   6
132.000000   6
133.000000   5
134.000000   5
135.000000   5
136.000000   6
137.000000   12
138.000000   6
139.000000   6
140.000000   5
141.000000   5
142.000000   6
143.000000   12
144.000000   6
145.000000   6
146.000000   5
147.000000   5
148.000000   6
149.000000   6
150.000000   6
151.000000   5
152.000000   6
153.000000   6
154.000000   6
155.000000   6
156.000000   5
157.000000   6
158.000000   6
159.000000   6
160.000000   5
161.000000   5
162.000000   5
163.000000   6
164.000000   5
165.000000   12
166.000000   6
167.000000   5
168.000000   5
169.000000   6
170.000000   5
171.000000   5
172.000000   5
173.000000   6
174.000000   6
175.000000   6
176.000000   5
177.000000   5
