178  1  4
0.000000   8
1.000000   11
2.000000   11
3.000000   8
4.000000   11
5.000000   11
6.000000   1
7.000000   10
8.000000   11
9.000000   11
10.000000   10
11.000000   11
12.000000   1
13.000000   10
14.000000   10
15.000000   11
16.000000   1
17.000000   1
18.000000   11
19.000000   1
20.000000   11
21.000000   8
22.000000   10
23.000000   10
24.000000   10
25.000000   11
26.000000   11
27.000000   11
28.000000   10
29.000000   10
30.000000   8
31.000000   8
32.000000   10
33.000000   8
34.000000   8
35.000000   8
36.000000   10
37.000000   11
38.000000   11
39.000000   10
40.000000   8
41.000000   1
42.000000   11
43.000000   10
44.000000   11
45.000000   8
46.000000   10
47.000000   8
48.000000   8
49.000000   1
50.000000   10
51.000000   10
52.000000   8
53.000000   10
54.000000   8
55.000000   11
56.000000   8
57.000000   8
58.000000   11
59.000000   10
60.000000   11
61.000000   1
62.000000   10
63.000000   10
64.000000   11
65.000000   11
66.000000   10
67.000000   10
68.000000   8
69.000000   10
70.000000   8
71.000000   10
72.000000   10
73.000000   1
74.000000   10
75.000000   8
76.000000   11
77.000000   10
78.000000   10
79.000000   11
80.000000   11
81.000000   10
82.000000   11
83.000000   8
84.000000   10
85.000000   10
86.000000   11
87.000000   11
88.000000   11
89.000000   10
90.000000   1
91.000000   8
92.000000   11
93.000000   8
94.000000   10
95.000000   8
96.000000   10
97.000000   10
98.000000   1
99.000000   10
100.000000   8
101.000000   10
102.000000   11
103.000000   1
104.000000   8
105.000000   11
106.000000   1
107.000000   10
108.000000   11
109.000000   10
110.000000   10
111.000000   1
112.000000   10
113.000000   11
114.000000   1
115.000000   8
116.000000   11
117.000000   10
118.000000   8
119.000000   1
120.000000   10
121.000000   11
122.000000   8
123.000000   1
124.000000   8
125.000000   10
126.000000   10
127.000000   8
128.000000   10
129.000000   10
130.000000   8
131.000000   11
132.000000   10
133.000000   10
134.000000   8
135.000000   8
136.000000   10
137.000000   1
138.000000   10
139.000000   11
140.000000   8
141.000000   8
142.000000   11
143.000000   1
144.000000   10
145.000000   11
146.000000   8
147.000000   8
148.000000   10
149.000000   11
150.000000   10
151.000000   8
152.000000   11
153.000000   10
154.000000   11
155.000000   11
156.000000   10
157.000000   10
158.000000   11
159.000000   11
160.000000   8
161.000000   10
162.000000   10
163.000000   10
164.000000   10
165.000000   1
166.000000   10
167.000000   10
168.000000   8
169.000000   10
170.000000   8
171.000000   10
172.000000   8
173.000000   11
174.000000   11
175.000000   11
176.000000   8
177.000000   10
