178  1  10
0.000000   6
1.000000   13
2.000000   13
3.000000   2
4.000000   8
5.000000   13
6.000000   11
7.000000   13
8.000000   13
9.000000   13
10.000000   7
11.000000   13
12.000000   4
13.000000   9
14.000000   7
15.000000   8
16.000000   11
17.000000   4
18.000000   13
19.000000   11
20.000000   13
21.000000   2
22.000000   7
23.000000   9
24.000000   9
25.000000   8
26.000000   8
27.000000   13
28.000000   10
29.000000   10
30.000000   11
31.000000   6
32.000000   10
33.000000   2
34.000000   6
35.000000   1
36.000000   9
37.000000   13
38.000000   8
39.000000   7
40.000000   1
41.000000   11
42.000000   8
43.000000   10
44.000000   13
45.000000   1
46.000000   9
47.000000   1
48.000000   1
49.000000   11
50.000000   13
51.000000   10
52.000000   7
53.000000   9
54.000000   6
55.000000   8
56.000000   1
57.000000   1
58.000000   13
59.000000   10
60.000000   13
61.000000   11
62.000000   13
63.000000   10
64.000000   13
65.000000   8
66.000000   9
67.000000   10
68.000000   11
69.000000   13
70.000000   1
71.000000   10
72.000000   9
73.000000   4
74.000000   9
75.000000   6
76.000000   13
77.000000   10
78.000000   10
79.000000   8
80.000000   13
81.000000   9
82.000000   13
83.000000   2
84.000000   7
85.000000   10
86.000000   8
87.000000   8
88.000000   8
89.000000   7
90.000000   11
91.000000   6
92.000000   13
93.000000   2
94.000000   7
95.000000   6
96.000000   13
97.000000   7
98.000000   11
99.000000   7
100.000000   11
101.000000   9
102.000000   8
103.000000   4
104.000000   1
105.000000   13
106.000000   11
107.000000   7
108.000000   13
109.000000   13
110.000000   10
111.000000   11
112.000000   13
113.000000   13
114.000000   4
115.000000   2
116.000000   13
117.000000   9
118.000000   2
119.000000   11
120.000000   10
121.000000   13
122.000000   1
123.000000   11
124.000000   6
125.000000   7
126.000000   9
127.000000   6
128.000000   10
129.000000   13
130.000000   2
131.000000   8
132.000000   10
133.000000   10
134.000000   2
135.000000   6
136.000000   10
137.000000   4
138.000000   10
139.000000   8
140.000000   2
141.000000   1
142.000000   8
143.000000   4
144.000000   13
145.000000   13
146.000000   1
147.000000   6
148.000000   13
149.000000   13
150.000000   10
151.000000   6
152.000000   13
153.000000   10
154.000000   13
155.000000   13
156.000000   10
157.000000   10
158.000000   13
159.000000   13
160.000000   1
161.000000   7
162.000000   9
163.000000   10
164.000000   7
165.000000   11
166.000000   10
167.000000   9
168.000000   1
169.000000   10
170.000000   1
171.000000   7
172.000000   6
173.000000   13
174.000000   13
175.000000   8
176.000000   6
177.000000   9
