178  1  5
0.000000   1
1.000000   11
2.000000   9
3.000000   1
4.000000   9
5.000000   9
6.000000   8
7.000000   11
8.000000   11
9.000000   11
10.000000   6
11.000000   9
12.000000   8
13.000000   6
14.000000   6
15.000000   9
16.000000   1
17.000000   8
18.000000   9
19.000000   1
20.000000   11
21.000000   1
22.000000   6
23.000000   6
24.000000   6
25.000000   9
26.000000   9
27.000000   11
28.000000   6
29.000000   6
30.000000   1
31.000000   1
32.000000   11
33.000000   1
34.000000   1
35.000000   1
36.000000   6
37.000000   11
38.000000   9
39.000000   6
40.000000   1
41.000000   8
42.000000   9
43.000000   11
44.000000   9
45.000000   1
46.000000   6
47.000000   1
48.000000   1
49.000000   8
50.000000   11
51.000000   11
52.000000   6
53.000000   6
54.000000   1
55.000000   9
56.000000   6
57.000000   6
58.000000   9
59.000000   11
60.000000   11
61.000000   8
62.000000   11
63.000000   6
64.000000   9
65.000000   9
66.000000   6
67.000000   6
68.000000   1
69.000000   11
70.000000   1
71.000000   6
72.000000   6
73.000000   8
74.000000   6
75.000000   1
76.000000   11
77.000000   6
78.000000   11
79.000000   9
80.000000   11
81.000000   6
82.000000   11
83.000000   1
84.000000   6
85.000000   6
86.000000   9
87.000000   9
88.000000   9
89.000000   6
90.000000   1
91.000000   1
92.000000   9
93.000000   1
94.000000   6
95.000000   1
96.000000   11
97.000000   6
98.000000   8
99.000000   6
100.000000   1
101.000000   6
102.000000   9
103.000000   8
104.000000   6
105.000000   11
106.000000   8
107.000000   6
108.000000   9
109.000000   11
110.000000   6
111.000000   8
112.000000   11
113.000000   9
114.000000   8
115.000000   1
116.000000   9
117.000000   6
118.000000   1
119.000000   8
120.000000   11
121.000000   9
122.000000   1
123.000000   1
124.000000   1
125.000000   6
126.000000   6
127.000000   1
128.000000   6
129.000000   11
130.000000   1
131.000000   9
132.000000   11
133.000000   6
134.000000   1
135.000000   1
136.000000   6
137.000000   8
138.000000   6
139.000000   9
140.000000   1
141.000000   1
142.000000   9
143.000000   8
144.000000   11
145.000000   9
146.000000   1
147.000000   1
148.000000   11
149.000000   11
150.000000   6
151.000000   1
152.000000   9
153.000000   6
154.000000   9
155.000000   9
156.000000   6
157.000000   11
158.000000   11
159.000000   11
160.000000   6
161.000000   6
162.000000   6
163.000000   6
164.000000   6
165.000000   8
166.000000   6
167.000000   6
168.000000   1
169.000000   11
170.000000   1
171.000000   6
172.000000   1
173.000000   9
174.000000   11
175.000000   9
176.000000   1
177.000000   6
