178  1  10
0.000000   6
1.000000   10
2.000000   10
3.000000   11
4.000000   13
5.000000   10
6.000000   1
7.000000   10
8.000000   10
9.000000   10
10.000000   8
11.000000   10
12.000000   7
13.000000   4
14.000000   8
15.000000   13
16.000000   1
17.000000   7
18.000000   10
19.000000   1
20.000000   10
21.000000   11
22.000000   8
23.000000   2
24.000000   2
25.000000   13
26.000000   13
27.000000   10
28.000000   4
29.000000   4
30.000000   1
31.000000   9
32.000000   4
33.000000   11
34.000000   6
35.000000   9
36.000000   2
37.000000   10
38.000000   13
39.000000   8
40.000000   9
41.000000   1
42.000000   13
43.000000   10
44.000000   10
45.000000   9
46.000000   2
47.000000   9
48.000000   9
49.000000   1
50.000000   10
51.000000   4
52.000000   8
53.000000   4
54.000000   6
55.000000   13
56.000000   9
57.000000   9
58.000000   10
59.000000   4
60.000000   10
61.000000   1
62.000000   10
63.000000   4
64.000000   10
65.000000   13
66.000000   2
67.000000   4
68.000000   1
69.000000   10
70.000000   9
71.000000   4
72.000000   2
73.000000   7
74.000000   2
75.000000   6
76.000000   10
77.000000   4
78.000000   10
79.000000   13
80.000000   10
81.000000   2
82.000000   10
83.000000   11
84.000000   8
85.000000   4
86.000000   13
87.000000   13
88.000000   13
89.000000   2
90.000000   1
91.000000   6
92.000000   10
93.000000   11
94.000000   8
95.000000   6
96.000000   10
97.000000   8
98.000000   1
99.000000   8
100.000000   1
101.000000   8
102.000000   13
103.000000   7
104.000000   9
105.000000   10
106.000000   1
107.000000   8
108.000000   10
109.000000   10
110.000000   4
111.000000   1
112.000000   10
113.000000   10
114.000000   7
115.000000   11
116.000000   10
117.000000   2
118.000000   6
119.000000   1
120.000000   10
121.000000   10
122.000000   9
123.000000   1
124.000000   6
125.000000   8
126.000000   2
127.000000   6
128.000000   4
129.000000   10
130.000000   11
131.000000   13
132.000000   10
133.000000   4
134.000000   11
135.000000   6
136.000000   4
137.000000   7
138.000000   4
139.000000   13
140.000000   11
141.000000   9
142.000000   13
143.000000   7
144.000000   10
145.000000   10
146.000000   9
147.000000   6
148.000000   10
149.000000   10
150.000000   4
151.000000   6
152.000000   10
153.000000   4
154.000000   10
155.000000   10
156.000000   4
157.000000   10
158.000000   10
159.000000   10
160.000000   9
161.000000   8
162.000000   2
163.000000   4
164.000000   8
165.000000   1
166.000000   4
167.000000   2
168.000000   9
169.000000   10
170.000000   9
171.000000   8
172.000000   6
173.000000   10
174.000000   10
175.000000   13
176.000000   6
177.000000   4
