150  1  2
0.000000   8
1.000000   8
2.000000   6
3.000000   8
4.000000   6
5.000000   8
6.000000   6
7.000000   8
8.000000   8
9.000000   8
10.000000   8
11.000000   8
12.000000   8
13.000000   8
14.000000   8
15.000000   6
16.000000   8
17.000000   8
18.000000   6
19.000000   6
20.000000   8
21.000000   8
22.000000   6
23.000000   6
24.000000   8
25.000000   6
26.000000   6
27.000000   8
28.000000   8
29.000000   6
30.000000   8
31.000000   8
32.000000   6
33.000000   8
34.000000   8
35.000000   8
36.000000   6
37.000000   8
38.000000   8
39.000000   8
40.000000   8
41.000000   6
42.000000   8
43.000000   6
44.000000   6
45.000000   8
46.000000   8
47.000000   8
48.000000   8
49.000000   8
50.000000   8
51.000000   8
52.000000   8
53.000000   8
54.000000   8
55.000000   8
56.000000   8
57.000000   8
58.000000   8
59.000000   8
60.000000   8
61.000000   6
62.000000   8
63.000000   8
64.000000   8
65.000000   8
66.000000   8
67.000000   8
68.000000   6
69.000000   6
70.000000   8
71.000000   8
72.000000   6
73.000000   6
74.000000   8
75.000000   6
76.000000   8
77.000000   6
78.000000   6
79.000000   8
80.000000   8
81.000000   8
82.000000   6
83.000000   8
84.000000   8
85.000000   8
86.000000   8
87.000000   6
88.000000   6
89.000000   8
90.000000   8
91.000000   6
92.000000   8
93.000000   6
94.000000   8
95.000000   8
96.000000   6
97.000000   6
98.000000   8
99.000000   6
100.000000   6
101.000000   6
102.000000   8
103.000000   8
104.000000   8
105.000000   6
106.000000   6
107.000000   6
108.000000   8
109.000000   8
110.000000   6
111.000000   6
112.000000   8
113.000000   6
114.000000   8
115.000000   8
116.000000   8
117.000000   8
118.000000   6
119.000000   8
120.000000   6
121.000000   8
122.000000   6
123.000000   6
124.000000   8
125.000000   6
126.000000   8
127.000000   8
128.000000   8
129.000000   8
130.000000   8
131.000000   8
132.000000   8
133.000000   8
134.000000   6
135.000000   8
136.000000   8
137.000000   8
138.000000   6
139.000000   8
140.000000   8
141.000000   8
142.000000   8
143.000000   6
144.000000   6
145.000000   6
146.000000   8
147.000000   8
148.000000   8
149.000000   6
