150  1  3
0.000000   6
1.000000   8
2.000000   5
3.000000   6
4.000000   5
5.000000   6
6.000000   5
7.000000   8
8.000000   8
9.000000   8
10.000000   8
11.000000   8
12.000000   8
13.000000   8
14.000000   8
15.000000   5
16.000000   8
17.000000   8
18.000000   5
19.000000   5
20.000000   8
21.000000   8
22.000000   5
23.000000   5
24.000000   8
25.000000   5
26.000000   5
27.000000   8
28.000000   8
29.000000   5
30.000000   6
31.000000   8
32.000000   5
33.000000   8
34.000000   6
35.000000   8
36.000000   5
37.000000   8
38.000000   8
39.000000   8
40.000000   6
41.000000   5
42.000000   6
43.000000   5
44.000000   5
45.000000   8
46.000000   6
47.000000   6
48.000000   8
49.000000   6
50.000000   8
51.000000   6
52.000000   8
53.000000   8
54.000000   8
55.000000   8
56.000000   8
57.000000   8
58.000000   6
59.000000   6
60.000000   8
61.000000   5
62.000000   8
63.000000   8
64.000000   8
65.000000   8
66.000000   8
67.000000   6
68.000000   5
69.000000   5
70.000000   6
71.000000   8
72.000000   5
73.000000   5
74.000000   6
75.000000   5
76.000000   8
77.000000   5
78.000000   5
79.000000   8
80.000000   6
81.000000   8
82.000000   5
83.000000   6
84.000000   6
85.000000   6
86.000000   6
87.000000   5
88.000000   5
89.000000   6
90.000000   6
91.000000   5
92.000000   6
93.000000   5
94.000000   8
95.000000   6
96.000000   5
97.000000   5
98.000000   6
99.000000   5
100.000000   5
101.000000   5
102.000000   8
103.000000   6
104.000000   6
105.000000   5
106.000000   5
107.000000   5
108.000000   8
109.000000   8
110.000000   5
111.000000   5
112.000000   8
113.000000   5
114.000000   6
115.000000   8
116.000000   6
117.000000   8
118.000000   5
119.000000   8
120.000000   5
121.000000   6
122.000000   5
123.000000   5
124.000000   6
125.000000   5
126.000000   6
127.000000   8
128.000000   8
129.000000   8
130.000000   6
131.000000   6
132.000000   8
133.000000   6
134.000000   5
135.000000   8
136.000000   6
137.000000   8
138.000000   5
139.000000   8
140.000000   8
141.000000   8
142.000000   8
143.000000   5
144.000000   5
145.000000   5
146.000000   6
147.000000   8
148.000000   6
149.000000   5
