0042221
0000278
0006366
0023052
0055085
0006974
0051321
0006811
0006281
0006325
0048285
0006629
0033043
0005975
0071554
0051726
0006364
0007010
0006468
0007059
0051186
0006520
0002181
0006310
0055086
0007005
0018193
0006091
0031399
0032787
0051603
0015931
0070925
0043934
0070647
0006260
0042274
0051169
0006605
0048193
0006397
0006873
0000746
0006979
0016570
0042273
0006401
0006897
0008033
0006417
0006457
0000910
0008380
0009451
0016050
0051052
0048284
0032543
0045333
0009408
0032200
0006970
0006470
0006869
0042255
0007033
0006997
0007124
0061025
0051049
0007114
0016197
0001403
0051604
0006887
0043543
0006766
0042594
0032196
0008643
0006352
0007031
0006865
0008213
0006354
0009311
0006360
0048308
0006486
0000902
0006414
0006413
0006353
0000054
0043144
0006497
0006383
0006418
0070271
0010324
