150  1  1
0.000000   5
1.000000   5
2.000000   5
3.000000   5
4.000000   5
5.000000   5
6.000000   5
7.000000   5
8.000000   5
9.000000   5
10.000000   5
11.000000   5
12.000000   5
13.000000   5
14.000000   5
15.000000   5
16.000000   5
17.000000   5
18.000000   5
19.000000   5
20.000000   5
21.000000   5
22.000000   5
23.000000   5
24.000000   5
25.000000   5
26.000000   5
27.000000   5
28.000000   5
29.000000   5
30.000000   5
31.000000   5
32.000000   5
33.000000   5
34.000000   5
35.000000   5
36.000000   5
37.000000   5
38.000000   5
39.000000   5
40.000000   5
41.000000   5
42.000000   5
43.000000   5
44.000000   5
45.000000   5
46.000000   5
47.000000   5
48.000000   5
49.000000   5
50.000000   5
51.000000   5
52.000000   5
53.000000   5
54.000000   5
55.000000   5
56.000000   5
57.000000   5
58.000000   5
59.000000   5
60.000000   5
61.000000   5
62.000000   5
63.000000   5
64.000000   5
65.000000   5
66.000000   5
67.000000   5
68.000000   5
69.000000   5
70.000000   5
71.000000   5
72.000000   5
73.000000   5
74.000000   5
75.000000   5
76.000000   5
77.000000   5
78.000000   5
79.000000   5
80.000000   5
81.000000   5
82.000000   5
83.000000   5
84.000000   5
85.000000   5
86.000000   5
87.000000   5
88.000000   5
89.000000   5
90.000000   5
91.000000   5
92.000000   5
93.000000   5
94.000000   5
95.000000   5
96.000000   5
97.000000   5
98.000000   5
99.000000   5
100.000000   5
101.000000   5
102.000000   5
103.000000   5
104.000000   5
105.000000   5
106.000000   5
107.000000   5
108.000000   5
109.000000   5
110.000000   5
111.000000   5
112.000000   5
113.000000   5
114.000000   5
115.000000   5
116.000000   5
117.000000   5
118.000000   5
119.000000   5
120.000000   5
121.000000   5
122.000000   5
123.000000   5
124.000000   5
125.000000   5
126.000000   5
127.000000   5
128.000000   5
129.000000   5
130.000000   5
131.000000   5
132.000000   5
133.000000   5
134.000000   5
135.000000   5
136.000000   5
137.000000   5
138.000000   5
139.000000   5
140.000000   5
141.000000   5
142.000000   5
143.000000   5
144.000000   5
145.000000   5
146.000000   5
147.000000   5
148.000000   5
149.000000   5
