150  1  2
0.000000   9
1.000000   9
2.000000   11
3.000000   9
4.000000   11
5.000000   9
6.000000   11
7.000000   9
8.000000   9
9.000000   9
10.000000   9
11.000000   9
12.000000   9
13.000000   9
14.000000   9
15.000000   11
16.000000   9
17.000000   9
18.000000   11
19.000000   11
20.000000   9
21.000000   9
22.000000   11
23.000000   11
24.000000   9
25.000000   11
26.000000   11
27.000000   9
28.000000   9
29.000000   11
30.000000   9
31.000000   9
32.000000   11
33.000000   9
34.000000   9
35.000000   9
36.000000   11
37.000000   9
38.000000   9
39.000000   9
40.000000   9
41.000000   11
42.000000   9
43.000000   11
44.000000   11
45.000000   9
46.000000   9
47.000000   9
48.000000   9
49.000000   9
50.000000   9
51.000000   9
52.000000   9
53.000000   9
54.000000   9
55.000000   9
56.000000   9
57.000000   9
58.000000   9
59.000000   9
60.000000   9
61.000000   11
62.000000   9
63.000000   9
64.000000   9
65.000000   9
66.000000   9
67.000000   9
68.000000   11
69.000000   11
70.000000   9
71.000000   9
72.000000   11
73.000000   11
74.000000   9
75.000000   11
76.000000   9
77.000000   11
78.000000   11
79.000000   9
80.000000   9
81.000000   9
82.000000   11
83.000000   9
84.000000   9
85.000000   9
86.000000   9
87.000000   11
88.000000   11
89.000000   9
90.000000   9
91.000000   11
92.000000   9
93.000000   11
94.000000   9
95.000000   9
96.000000   11
97.000000   11
98.000000   9
99.000000   11
100.000000   11
101.000000   11
102.000000   9
103.000000   9
104.000000   9
105.000000   11
106.000000   11
107.000000   11
108.000000   9
109.000000   9
110.000000   11
111.000000   11
112.000000   9
113.000000   11
114.000000   9
115.000000   9
116.000000   9
117.000000   9
118.000000   11
119.000000   9
120.000000   11
121.000000   9
122.000000   11
123.000000   11
124.000000   9
125.000000   11
126.000000   9
127.000000   9
128.000000   9
129.000000   9
130.000000   9
131.000000   9
132.000000   9
133.000000   9
134.000000   11
135.000000   9
136.000000   9
137.000000   9
138.000000   11
139.000000   9
140.000000   9
141.000000   9
142.000000   9
143.000000   11
144.000000   11
145.000000   11
146.000000   9
147.000000   9
148.000000   9
149.000000   11
