150  1  1
0.000000   6
1.000000   6
2.000000   6
3.000000   6
4.000000   6
5.000000   6
6.000000   6
7.000000   6
8.000000   6
9.000000   6
10.000000   6
11.000000   6
12.000000   6
13.000000   6
14.000000   6
15.000000   6
16.000000   6
17.000000   6
18.000000   6
19.000000   6
20.000000   6
21.000000   6
22.000000   6
23.000000   6
24.000000   6
25.000000   6
26.000000   6
27.000000   6
28.000000   6
29.000000   6
30.000000   6
31.000000   6
32.000000   6
33.000000   6
34.000000   6
35.000000   6
36.000000   6
37.000000   6
38.000000   6
39.000000   6
40.000000   6
41.000000   6
42.000000   6
43.000000   6
44.000000   6
45.000000   6
46.000000   6
47.000000   6
48.000000   6
49.000000   6
50.000000   6
51.000000   6
52.000000   6
53.000000   6
54.000000   6
55.000000   6
56.000000   6
57.000000   6
58.000000   6
59.000000   6
60.000000   6
61.000000   6
62.000000   6
63.000000   6
64.000000   6
65.000000   6
66.000000   6
67.000000   6
68.000000   6
69.000000   6
70.000000   6
71.000000   6
72.000000   6
73.000000   6
74.000000   6
75.000000   6
76.000000   6
77.000000   6
78.000000   6
79.000000   6
80.000000   6
81.000000   6
82.000000   6
83.000000   6
84.000000   6
85.000000   6
86.000000   6
87.000000   6
88.000000   6
89.000000   6
90.000000   6
91.000000   6
92.000000   6
93.000000   6
94.000000   6
95.000000   6
96.000000   6
97.000000   6
98.000000   6
99.000000   6
100.000000   6
101.000000   6
102.000000   6
103.000000   6
104.000000   6
105.000000   6
106.000000   6
107.000000   6
108.000000   6
109.000000   6
110.000000   6
111.000000   6
112.000000   6
113.000000   6
114.000000   6
115.000000   6
116.000000   6
117.000000   6
118.000000   6
119.000000   6
120.000000   6
121.000000   6
122.000000   6
123.000000   6
124.000000   6
125.000000   6
126.000000   6
127.000000   6
128.000000   6
129.000000   6
130.000000   6
131.000000   6
132.000000   6
133.000000   6
134.000000   6
135.000000   6
136.000000   6
137.000000   6
138.000000   6
139.000000   6
140.000000   6
141.000000   6
142.000000   6
143.000000   6
144.000000   6
145.000000   6
146.000000   6
147.000000   6
148.000000   6
149.000000   6
