178  1  2
0.000000   11
1.000000   7
2.000000   7
3.000000   11
4.000000   7
5.000000   7
6.000000   11
7.000000   7
8.000000   7
9.000000   7
10.000000   7
11.000000   7
12.000000   11
13.000000   7
14.000000   7
15.000000   7
16.000000   11
17.000000   11
18.000000   7
19.000000   11
20.000000   7
21.000000   11
22.000000   7
23.000000   7
24.000000   7
25.000000   7
26.000000   7
27.000000   7
28.000000   7
29.000000   7
30.000000   11
31.000000   7
32.000000   7
33.000000   11
34.000000   11
35.000000   7
36.000000   7
37.000000   7
38.000000   7
39.000000   7
40.000000   7
41.000000   11
42.000000   7
43.000000   7
44.000000   7
45.000000   7
46.000000   7
47.000000   7
48.000000   7
49.000000   11
50.000000   7
51.000000   7
52.000000   7
53.000000   7
54.000000   11
55.000000   7
56.000000   7
57.000000   7
58.000000   7
59.000000   7
60.000000   7
61.000000   11
62.000000   7
63.000000   7
64.000000   7
65.000000   7
66.000000   7
67.000000   7
68.000000   11
69.000000   7
70.000000   7
71.000000   7
72.000000   7
73.000000   11
74.000000   7
75.000000   7
76.000000   7
77.000000   7
78.000000   7
79.000000   7
80.000000   7
81.000000   7
82.000000   7
83.000000   11
84.000000   7
85.000000   7
86.000000   7
87.000000   7
88.000000   7
89.000000   7
90.000000   11
91.000000   11
92.000000   7
93.000000   11
94.000000   7
95.000000   11
96.000000   7
97.000000   7
98.000000   11
99.000000   7
100.000000   11
101.000000   7
102.000000   7
103.000000   11
104.000000   7
105.000000   7
106.000000   11
107.000000   7
108.000000   7
109.000000   7
110.000000   7
111.000000   11
112.000000   7
113.000000   7
114.000000   11
115.000000   11
116.000000   7
117.000000   7
118.000000   11
119.000000   11
120.000000   7
121.000000   7
122.000000   7
123.000000   11
124.000000   11
125.000000   7
126.000000   7
127.000000   11
128.000000   7
129.000000   7
130.000000   11
131.000000   7
132.000000   7
133.000000   7
134.000000   11
135.000000   11
136.000000   7
137.000000   11
138.000000   7
139.000000   7
140.000000   11
141.000000   7
142.000000   7
143.000000   11
144.000000   7
145.000000   7
146.000000   7
147.000000   7
148.000000   7
149.000000   7
150.000000   7
151.000000   11
152.000000   7
153.000000   7
154.000000   7
155.000000   7
156.000000   7
157.000000   7
158.000000   7
159.000000   7
160.000000   7
161.000000   7
162.000000   7
163.000000   7
164.000000   7
165.000000   11
166.000000   7
167.000000   7
168.000000   7
169.000000   7
170.000000   7
171.000000   7
172.000000   11
173.000000   7
174.000000   7
175.000000   7
176.000000   7
177.000000   7
