178  1  3
0.000000   13
1.000000   9
2.000000   9
3.000000   5
4.000000   9
5.000000   9
6.000000   5
7.000000   13
8.000000   13
9.000000   9
10.000000   13
11.000000   9
12.000000   5
13.000000   13
14.000000   13
15.000000   9
16.000000   5
17.000000   5
18.000000   9
19.000000   5
20.000000   13
21.000000   5
22.000000   13
23.000000   13
24.000000   13
25.000000   9
26.000000   9
27.000000   13
28.000000   13
29.000000   13
30.000000   5
31.000000   13
32.000000   13
33.000000   13
34.000000   13
35.000000   13
36.000000   13
37.000000   13
38.000000   9
39.000000   13
40.000000   13
41.000000   5
42.000000   9
43.000000   13
44.000000   9
45.000000   13
46.000000   13
47.000000   13
48.000000   13
49.000000   5
50.000000   13
51.000000   13
52.000000   13
53.000000   13
54.000000   13
55.000000   9
56.000000   13
57.000000   13
58.000000   9
59.000000   13
60.000000   9
61.000000   5
62.000000   13
63.000000   13
64.000000   9
65.000000   9
66.000000   13
67.000000   13
68.000000   5
69.000000   13
70.000000   13
71.000000   13
72.000000   13
73.000000   5
74.000000   13
75.000000   13
76.000000   9
77.000000   13
78.000000   13
79.000000   9
80.000000   13
81.000000   13
82.000000   13
83.000000   5
84.000000   13
85.000000   13
86.000000   9
87.000000   9
88.000000   9
89.000000   13
90.000000   5
91.000000   13
92.000000   9
93.000000   5
94.000000   13
95.000000   13
96.000000   13
97.000000   13
98.000000   5
99.000000   13
100.000000   5
101.000000   13
102.000000   9
103.000000   5
104.000000   13
105.000000   13
106.000000   5
107.000000   13
108.000000   9
109.000000   13
110.000000   13
111.000000   5
112.000000   13
113.000000   9
114.000000   5
115.000000   13
116.000000   9
117.000000   13
118.000000   13
119.000000   5
120.000000   13
121.000000   9
122.000000   13
123.000000   5
124.000000   13
125.000000   13
126.000000   13
127.000000   13
128.000000   13
129.000000   13
130.000000   5
131.000000   9
132.000000   13
133.000000   13
134.000000   5
135.000000   13
136.000000   13
137.000000   5
138.000000   13
139.000000   9
140.000000   5
141.000000   13
142.000000   9
143.000000   5
144.000000   13
145.000000   9
146.000000   13
147.000000   13
148.000000   13
149.000000   13
150.000000   13
151.000000   13
152.000000   9
153.000000   13
154.000000   9
155.000000   9
156.000000   13
157.000000   13
158.000000   9
159.000000   13
160.000000   13
161.000000   13
162.000000   13
163.000000   13
164.000000   13
165.000000   5
166.000000   13
167.000000   13
168.000000   13
169.000000   13
170.000000   13
171.000000   13
172.000000   13
173.000000   9
174.000000   13
175.000000   9
176.000000   13
177.000000   13
