178  1  4
0.000000   9
1.000000   2
2.000000   2
3.000000   9
4.000000   2
5.000000   2
6.000000   11
7.000000   3
8.000000   2
9.000000   2
10.000000   3
11.000000   2
12.000000   11
13.000000   3
14.000000   3
15.000000   2
16.000000   11
17.000000   11
18.000000   2
19.000000   11
20.000000   2
21.000000   9
22.000000   3
23.000000   3
24.000000   3
25.000000   2
26.000000   2
27.000000   2
28.000000   3
29.000000   3
30.000000   9
31.000000   9
32.000000   3
33.000000   9
34.000000   9
35.000000   9
36.000000   3
37.000000   2
38.000000   2
39.000000   3
40.000000   9
41.000000   11
42.000000   2
43.000000   3
44.000000   2
45.000000   9
46.000000   3
47.000000   9
48.000000   9
49.000000   11
50.000000   3
51.000000   3
52.000000   9
53.000000   3
54.000000   9
55.000000   2
56.000000   9
57.000000   9
58.000000   2
59.000000   3
60.000000   2
61.000000   11
62.000000   3
63.000000   3
64.000000   2
65.000000   2
66.000000   3
67.000000   3
68.000000   9
69.000000   3
70.000000   9
71.000000   3
72.000000   3
73.000000   11
74.000000   3
75.000000   9
76.000000   2
77.000000   3
78.000000   3
79.000000   2
80.000000   2
81.000000   3
82.000000   2
83.000000   9
84.000000   3
85.000000   3
86.000000   2
87.000000   2
88.000000   2
89.000000   3
90.000000   11
91.000000   9
92.000000   2
93.000000   9
94.000000   3
95.000000   9
96.000000   3
97.000000   3
98.000000   11
99.000000   3
100.000000   9
101.000000   3
102.000000   2
103.000000   11
104.000000   9
105.000000   2
106.000000   11
107.000000   3
108.000000   2
109.000000   3
110.000000   3
111.000000   11
112.000000   3
113.000000   2
114.000000   11
115.000000   9
116.000000   2
117.000000   3
118.000000   9
119.000000   11
120.000000   3
121.000000   2
122.000000   9
123.000000   11
124.000000   9
125.000000   3
126.000000   3
127.000000   9
128.000000   3
129.000000   3
130.000000   9
131.000000   2
132.000000   3
133.000000   3
134.000000   9
135.000000   9
136.000000   3
137.000000   11
138.000000   3
139.000000   2
140.000000   9
141.000000   9
142.000000   2
143.000000   11
144.000000   3
145.000000   2
146.000000   9
147.000000   9
148.000000   3
149.000000   2
150.000000   3
151.000000   9
152.000000   2
153.000000   3
154.000000   2
155.000000   2
156.000000   3
157.000000   3
158.000000   2
159.000000   2
160.000000   9
161.000000   3
162.000000   3
163.000000   3
164.000000   3
165.000000   11
166.000000   3
167.000000   3
168.000000   9
169.000000   3
170.000000   9
171.000000   3
172.000000   9
173.000000   2
174.000000   2
175.000000   2
176.000000   9
177.000000   3
