178  1  10
0.000000   10
1.000000   8
2.000000   12
3.000000   10
4.000000   12
5.000000   8
6.000000   13
7.000000   8
8.000000   8
9.000000   8
10.000000   9
11.000000   12
12.000000   4
13.000000   6
14.000000   9
15.000000   12
16.000000   13
17.000000   4
18.000000   8
19.000000   13
20.000000   8
21.000000   10
22.000000   9
23.000000   6
24.000000   6
25.000000   12
26.000000   12
27.000000   8
28.000000   5
29.000000   5
30.000000   13
31.000000   7
32.000000   5
33.000000   10
34.000000   10
35.000000   2
36.000000   6
37.000000   8
38.000000   12
39.000000   9
40.000000   2
41.000000   13
42.000000   12
43.000000   5
44.000000   8
45.000000   2
46.000000   6
47.000000   2
48.000000   2
49.000000   13
50.000000   8
51.000000   5
52.000000   9
53.000000   6
54.000000   10
55.000000   12
56.000000   9
57.000000   9
58.000000   12
59.000000   5
60.000000   8
61.000000   13
62.000000   8
63.000000   5
64.000000   12
65.000000   12
66.000000   6
67.000000   5
68.000000   13
69.000000   8
70.000000   7
71.000000   5
72.000000   6
73.000000   4
74.000000   6
75.000000   7
76.000000   8
77.000000   5
78.000000   5
79.000000   12
80.000000   8
81.000000   6
82.000000   8
83.000000   10
84.000000   9
85.000000   5
86.000000   12
87.000000   12
88.000000   12
89.000000   9
90.000000   13
91.000000   10
92.000000   8
93.000000   10
94.000000   9
95.000000   10
96.000000   8
97.000000   9
98.000000   13
99.000000   9
100.000000   13
101.000000   6
102.000000   12
103.000000   4
104.000000   2
105.000000   8
106.000000   13
107.000000   9
108.000000   12
109.000000   8
110.000000   5
111.000000   13
112.000000   8
113.000000   12
114.000000   4
115.000000   10
116.000000   8
117.000000   6
118.000000   10
119.000000   13
120.000000   5
121.000000   8
122.000000   2
123.000000   13
124.000000   10
125.000000   9
126.000000   6
127.000000   10
128.000000   5
129.000000   8
130.000000   10
131.000000   12
132.000000   5
133.000000   5
134.000000   10
135.000000   10
136.000000   5
137.000000   4
138.000000   5
139.000000   12
140.000000   10
141.000000   2
142.000000   12
143.000000   4
144.000000   8
145.000000   8
146.000000   2
147.000000   7
148.000000   8
149.000000   8
150.000000   5
151.000000   10
152.000000   12
153.000000   5
154.000000   8
155.000000   12
156.000000   5
157.000000   5
158.000000   8
159.000000   8
160.000000   9
161.000000   9
162.000000   6
163.000000   5
164.000000   9
165.000000   13
166.000000   5
167.000000   6
168.000000   2
169.000000   5
170.000000   2
171.000000   9
172.000000   10
173.000000   12
174.000000   8
175.000000   12
176.000000   7
177.000000   6
