178  1  3
0.000000   11
1.000000   2
2.000000   2
3.000000   11
4.000000   2
5.000000   2
6.000000   9
7.000000   2
8.000000   2
9.000000   2
10.000000   11
11.000000   2
12.000000   9
13.000000   11
14.000000   11
15.000000   2
16.000000   9
17.000000   9
18.000000   2
19.000000   9
20.000000   2
21.000000   11
22.000000   11
23.000000   11
24.000000   11
25.000000   2
26.000000   2
27.000000   2
28.000000   2
29.000000   2
30.000000   9
31.000000   11
32.000000   2
33.000000   11
34.000000   11
35.000000   11
36.000000   11
37.000000   2
38.000000   2
39.000000   11
40.000000   11
41.000000   9
42.000000   2
43.000000   2
44.000000   2
45.000000   11
46.000000   11
47.000000   11
48.000000   11
49.000000   9
50.000000   2
51.000000   2
52.000000   11
53.000000   11
54.000000   11
55.000000   2
56.000000   11
57.000000   11
58.000000   2
59.000000   2
60.000000   2
61.000000   9
62.000000   2
63.000000   11
64.000000   2
65.000000   2
66.000000   11
67.000000   2
68.000000   9
69.000000   2
70.000000   11
71.000000   2
72.000000   11
73.000000   9
74.000000   11
75.000000   11
76.000000   2
77.000000   2
78.000000   2
79.000000   2
80.000000   2
81.000000   11
82.000000   2
83.000000   11
84.000000   11
85.000000   2
86.000000   2
87.000000   2
88.000000   2
89.000000   11
90.000000   9
91.000000   11
92.000000   2
93.000000   11
94.000000   11
95.000000   11
96.000000   2
97.000000   11
98.000000   9
99.000000   11
100.000000   9
101.000000   11
102.000000   2
103.000000   9
104.000000   11
105.000000   2
106.000000   9
107.000000   11
108.000000   2
109.000000   2
110.000000   2
111.000000   9
112.000000   2
113.000000   2
114.000000   9
115.000000   11
116.000000   2
117.000000   11
118.000000   11
119.000000   9
120.000000   2
121.000000   2
122.000000   11
123.000000   9
124.000000   11
125.000000   11
126.000000   11
127.000000   11
128.000000   2
129.000000   2
130.000000   11
131.000000   2
132.000000   2
133.000000   11
134.000000   11
135.000000   11
136.000000   2
137.000000   9
138.000000   2
139.000000   2
140.000000   11
141.000000   11
142.000000   2
143.000000   9
144.000000   2
145.000000   2
146.000000   11
147.000000   11
148.000000   2
149.000000   2
150.000000   2
151.000000   11
152.000000   2
153.000000   2
154.000000   2
155.000000   2
156.000000   11
157.000000   2
158.000000   2
159.000000   2
160.000000   11
161.000000   11
162.000000   11
163.000000   2
164.000000   11
165.000000   9
166.000000   2
167.000000   11
168.000000   11
169.000000   2
170.000000   11
171.000000   11
172.000000   11
173.000000   2
174.000000   2
175.000000   2
176.000000   11
177.000000   11
