178  1  8
0.000000   4
1.000000   2
2.000000   12
3.000000   4
4.000000   12
5.000000   2
6.000000   10
7.000000   2
8.000000   2
9.000000   2
10.000000   9
11.000000   12
12.000000   6
13.000000   8
14.000000   9
15.000000   12
16.000000   10
17.000000   6
18.000000   2
19.000000   10
20.000000   2
21.000000   4
22.000000   9
23.000000   8
24.000000   8
25.000000   12
26.000000   12
27.000000   2
28.000000   8
29.000000   8
30.000000   10
31.000000   4
32.000000   8
33.000000   4
34.000000   4
35.000000   5
36.000000   8
37.000000   2
38.000000   12
39.000000   9
40.000000   5
41.000000   10
42.000000   12
43.000000   2
44.000000   2
45.000000   5
46.000000   8
47.000000   5
48.000000   5
49.000000   10
50.000000   2
51.000000   8
52.000000   9
53.000000   8
54.000000   4
55.000000   12
56.000000   5
57.000000   5
58.000000   12
59.000000   8
60.000000   2
61.000000   10
62.000000   2
63.000000   8
64.000000   12
65.000000   12
66.000000   8
67.000000   8
68.000000   10
69.000000   2
70.000000   5
71.000000   8
72.000000   8
73.000000   6
74.000000   8
75.000000   4
76.000000   2
77.000000   8
78.000000   2
79.000000   12
80.000000   2
81.000000   8
82.000000   2
83.000000   4
84.000000   9
85.000000   8
86.000000   12
87.000000   12
88.000000   12
89.000000   9
90.000000   10
91.000000   4
92.000000   2
93.000000   4
94.000000   9
95.000000   4
96.000000   2
97.000000   9
98.000000   10
99.000000   9
100.000000   10
101.000000   9
102.000000   12
103.000000   6
104.000000   5
105.000000   2
106.000000   10
107.000000   9
108.000000   12
109.000000   2
110.000000   8
111.000000   10
112.000000   2
113.000000   12
114.000000   6
115.000000   4
116.000000   2
117.000000   8
118.000000   4
119.000000   10
120.000000   2
121.000000   2
122.000000   5
123.000000   10
124.000000   4
125.000000   9
126.000000   8
127.000000   4
128.000000   8
129.000000   2
130.000000   4
131.000000   12
132.000000   2
133.000000   8
134.000000   4
135.000000   4
136.000000   8
137.000000   6
138.000000   8
139.000000   12
140.000000   4
141.000000   5
142.000000   12
143.000000   6
144.000000   2
145.000000   2
146.000000   5
147.000000   4
148.000000   2
149.000000   2
150.000000   8
151.000000   4
152.000000   12
153.000000   8
154.000000   2
155.000000   12
156.000000   8
157.000000   2
158.000000   2
159.000000   2
160.000000   5
161.000000   9
162.000000   8
163.000000   8
164.000000   9
165.000000   10
166.000000   8
167.000000   8
168.000000   5
169.000000   2
170.000000   5
171.000000   9
172.000000   4
173.000000   12
174.000000   2
175.000000   12
176.000000   4
177.000000   8
