178  1  3
0.000000   2
1.000000   9
2.000000   9
3.000000   2
4.000000   9
5.000000   9
6.000000   11
7.000000   9
8.000000   9
9.000000   9
10.000000   2
11.000000   9
12.000000   11
13.000000   9
14.000000   2
15.000000   9
16.000000   11
17.000000   11
18.000000   9
19.000000   11
20.000000   9
21.000000   2
22.000000   2
23.000000   9
24.000000   9
25.000000   9
26.000000   9
27.000000   9
28.000000   9
29.000000   9
30.000000   2
31.000000   2
32.000000   9
33.000000   2
34.000000   2
35.000000   2
36.000000   9
37.000000   9
38.000000   9
39.000000   2
40.000000   2
41.000000   11
42.000000   9
43.000000   9
44.000000   9
45.000000   2
46.000000   9
47.000000   2
48.000000   2
49.000000   11
50.000000   9
51.000000   9
52.000000   2
53.000000   9
54.000000   2
55.000000   9
56.000000   2
57.000000   2
58.000000   9
59.000000   9
60.000000   9
61.000000   11
62.000000   9
63.000000   9
64.000000   9
65.000000   9
66.000000   9
67.000000   9
68.000000   2
69.000000   9
70.000000   2
71.000000   9
72.000000   9
73.000000   11
74.000000   9
75.000000   2
76.000000   9
77.000000   9
78.000000   9
79.000000   9
80.000000   9
81.000000   9
82.000000   9
83.000000   2
84.000000   2
85.000000   9
86.000000   9
87.000000   9
88.000000   9
89.000000   2
90.000000   11
91.000000   2
92.000000   9
93.000000   2
94.000000   2
95.000000   2
96.000000   9
97.000000   2
98.000000   11
99.000000   2
100.000000   2
101.000000   2
102.000000   9
103.000000   11
104.000000   2
105.000000   9
106.000000   11
107.000000   2
108.000000   9
109.000000   9
110.000000   9
111.000000   11
112.000000   9
113.000000   9
114.000000   11
115.000000   2
116.000000   9
117.000000   9
118.000000   2
119.000000   11
120.000000   9
121.000000   9
122.000000   2
123.000000   11
124.000000   2
125.000000   2
126.000000   9
127.000000   2
128.000000   9
129.000000   9
130.000000   2
131.000000   9
132.000000   9
133.000000   9
134.000000   2
135.000000   2
136.000000   9
137.000000   11
138.000000   9
139.000000   9
140.000000   2
141.000000   2
142.000000   9
143.000000   11
144.000000   9
145.000000   9
146.000000   2
147.000000   2
148.000000   9
149.000000   9
150.000000   9
151.000000   2
152.000000   9
153.000000   9
154.000000   9
155.000000   9
156.000000   9
157.000000   9
158.000000   9
159.000000   9
160.000000   2
161.000000   2
162.000000   9
163.000000   9
164.000000   2
165.000000   11
166.000000   9
167.000000   9
168.000000   2
169.000000   9
170.000000   2
171.000000   2
172.000000   2
173.000000   9
174.000000   9
175.000000   9
176.000000   2
177.000000   9
