178  1  10
0.000000   2
1.000000   9
2.000000   9
3.000000   2
4.000000   11
5.000000   9
6.000000   13
7.000000   12
8.000000   12
9.000000   12
10.000000   6
11.000000   9
12.000000   5
13.000000   8
14.000000   6
15.000000   11
16.000000   13
17.000000   5
18.000000   9
19.000000   13
20.000000   12
21.000000   2
22.000000   6
23.000000   8
24.000000   8
25.000000   11
26.000000   11
27.000000   12
28.000000   10
29.000000   10
30.000000   13
31.000000   2
32.000000   10
33.000000   2
34.000000   2
35.000000   4
36.000000   8
37.000000   12
38.000000   11
39.000000   6
40.000000   4
41.000000   13
42.000000   11
43.000000   12
44.000000   9
45.000000   4
46.000000   8
47.000000   4
48.000000   4
49.000000   13
50.000000   12
51.000000   10
52.000000   6
53.000000   8
54.000000   2
55.000000   11
56.000000   4
57.000000   4
58.000000   9
59.000000   10
60.000000   9
61.000000   13
62.000000   12
63.000000   8
64.000000   9
65.000000   11
66.000000   8
67.000000   10
68.000000   13
69.000000   12
70.000000   4
71.000000   10
72.000000   8
73.000000   5
74.000000   8
75.000000   2
76.000000   9
77.000000   10
78.000000   12
79.000000   11
80.000000   12
81.000000   8
82.000000   12
83.000000   2
84.000000   6
85.000000   10
86.000000   11
87.000000   11
88.000000   11
89.000000   6
90.000000   13
91.000000   2
92.000000   9
93.000000   2
94.000000   6
95.000000   2
96.000000   12
97.000000   6
98.000000   13
99.000000   6
100.000000   13
101.000000   8
102.000000   11
103.000000   5
104.000000   4
105.000000   12
106.000000   13
107.000000   6
108.000000   9
109.000000   12
110.000000   10
111.000000   13
112.000000   12
113.000000   9
114.000000   5
115.000000   2
116.000000   9
117.000000   8
118.000000   2
119.000000   13
120.000000   12
121.000000   9
122.000000   4
123.000000   13
124.000000   2
125.000000   6
126.000000   8
127.000000   2
128.000000   10
129.000000   12
130.000000   2
131.000000   11
132.000000   12
133.000000   10
134.000000   2
135.000000   2
136.000000   10
137.000000   5
138.000000   10
139.000000   11
140.000000   2
141.000000   4
142.000000   11
143.000000   5
144.000000   12
145.000000   9
146.000000   4
147.000000   2
148.000000   12
149.000000   12
150.000000   10
151.000000   2
152.000000   9
153.000000   10
154.000000   9
155.000000   9
156.000000   8
157.000000   12
158.000000   9
159.000000   12
160.000000   4
161.000000   6
162.000000   8
163.000000   10
164.000000   6
165.000000   13
166.000000   10
167.000000   8
168.000000   4
169.000000   12
170.000000   4
171.000000   6
172.000000   2
173.000000   9
174.000000   12
175.000000   11
176.000000   2
177.000000   8
