150  1  3
0.000000   2
1.000000   2
2.000000   2
3.000000   2
4.000000   2
5.000000   2
6.000000   2
7.000000   2
8.000000   2
9.000000   2
10.000000   2
11.000000   2
12.000000   2
13.000000   2
14.000000   2
15.000000   2
16.000000   2
17.000000   2
18.000000   2
19.000000   2
20.000000   2
21.000000   2
22.000000   2
23.000000   2
24.000000   2
25.000000   2
26.000000   2
27.000000   2
28.000000   2
29.000000   2
30.000000   2
31.000000   2
32.000000   2
33.000000   2
34.000000   2
35.000000   2
36.000000   2
37.000000   2
38.000000   2
39.000000   2
40.000000   2
41.000000   2
42.000000   2
43.000000   2
44.000000   2
45.000000   2
46.000000   2
47.000000   2
48.000000   2
49.000000   2
50.000000   5
51.000000   11
52.000000   5
53.000000   11
54.000000   11
55.000000   11
56.000000   11
57.000000   11
58.000000   11
59.000000   11
60.000000   11
61.000000   11
62.000000   11
63.000000   11
64.000000   11
65.000000   11
66.000000   11
67.000000   11
68.000000   11
69.000000   11
70.000000   11
71.000000   11
72.000000   11
73.000000   11
74.000000   11
75.000000   11
76.000000   11
77.000000   5
78.000000   11
79.000000   11
80.000000   11
81.000000   11
82.000000   11
83.000000   11
84.000000   11
85.000000   11
86.000000   11
87.000000   11
88.000000   11
89.000000   11
90.000000   11
91.000000   11
92.000000   11
93.000000   11
94.000000   11
95.000000   11
96.000000   11
97.000000   11
98.000000   2
99.000000   11
100.000000   5
101.000000   11
102.000000   5
103.000000   5
104.000000   5
105.000000   5
106.000000   11
107.000000   5
108.000000   5
109.000000   5
110.000000   5
111.000000   5
112.000000   5
113.000000   11
114.000000   5
115.000000   5
116.000000   5
117.000000   5
118.000000   5
119.000000   11
120.000000   5
121.000000   11
122.000000   5
123.000000   11
124.000000   5
125.000000   5
126.000000   11
127.000000   11
128.000000   5
129.000000   5
130.000000   5
131.000000   5
132.000000   5
133.000000   11
134.000000   11
135.000000   5
136.000000   5
137.000000   5
138.000000   11
139.000000   5
140.000000   5
141.000000   5
142.000000   11
143.000000   5
144.000000   5
145.000000   5
146.000000   11
147.000000   5
148.000000   5
149.000000   11
