150  1  3
0.000000   4
1.000000   4
2.000000   4
3.000000   4
4.000000   4
5.000000   4
6.000000   4
7.000000   4
8.000000   4
9.000000   4
10.000000   4
11.000000   4
12.000000   4
13.000000   4
14.000000   4
15.000000   4
16.000000   4
17.000000   4
18.000000   4
19.000000   4
20.000000   4
21.000000   4
22.000000   4
23.000000   4
24.000000   4
25.000000   4
26.000000   4
27.000000   4
28.000000   4
29.000000   4
30.000000   4
31.000000   4
32.000000   4
33.000000   4
34.000000   4
35.000000   4
36.000000   4
37.000000   4
38.000000   4
39.000000   4
40.000000   4
41.000000   4
42.000000   4
43.000000   4
44.000000   4
45.000000   4
46.000000   4
47.000000   4
48.000000   4
49.000000   4
50.000000   10
51.000000   2
52.000000   10
53.000000   2
54.000000   2
55.000000   2
56.000000   2
57.000000   2
58.000000   2
59.000000   2
60.000000   2
61.000000   2
62.000000   2
63.000000   2
64.000000   2
65.000000   2
66.000000   2
67.000000   2
68.000000   2
69.000000   2
70.000000   2
71.000000   2
72.000000   2
73.000000   2
74.000000   2
75.000000   2
76.000000   2
77.000000   10
78.000000   2
79.000000   2
80.000000   2
81.000000   2
82.000000   2
83.000000   2
84.000000   2
85.000000   2
86.000000   2
87.000000   2
88.000000   2
89.000000   2
90.000000   2
91.000000   2
92.000000   2
93.000000   2
94.000000   2
95.000000   2
96.000000   2
97.000000   2
98.000000   4
99.000000   2
100.000000   10
101.000000   2
102.000000   10
103.000000   10
104.000000   10
105.000000   10
106.000000   2
107.000000   10
108.000000   10
109.000000   10
110.000000   10
111.000000   10
112.000000   10
113.000000   2
114.000000   10
115.000000   10
116.000000   10
117.000000   10
118.000000   10
119.000000   2
120.000000   10
121.000000   2
122.000000   10
123.000000   2
124.000000   10
125.000000   10
126.000000   2
127.000000   2
128.000000   10
129.000000   10
130.000000   10
131.000000   10
132.000000   10
133.000000   2
134.000000   2
135.000000   10
136.000000   10
137.000000   10
138.000000   2
139.000000   10
140.000000   10
141.000000   10
142.000000   2
143.000000   10
144.000000   10
145.000000   10
146.000000   2
147.000000   10
148.000000   10
149.000000   2
