150  1  3
0.000000   7
1.000000   7
2.000000   7
3.000000   7
4.000000   7
5.000000   7
6.000000   7
7.000000   7
8.000000   7
9.000000   7
10.000000   7
11.000000   7
12.000000   7
13.000000   7
14.000000   7
15.000000   7
16.000000   7
17.000000   7
18.000000   7
19.000000   7
20.000000   7
21.000000   7
22.000000   7
23.000000   7
24.000000   7
25.000000   7
26.000000   7
27.000000   7
28.000000   7
29.000000   7
30.000000   7
31.000000   7
32.000000   7
33.000000   7
34.000000   7
35.000000   7
36.000000   7
37.000000   7
38.000000   7
39.000000   7
40.000000   7
41.000000   7
42.000000   7
43.000000   7
44.000000   7
45.000000   7
46.000000   7
47.000000   7
48.000000   7
49.000000   7
50.000000   11
51.000000   12
52.000000   11
53.000000   12
54.000000   12
55.000000   12
56.000000   12
57.000000   12
58.000000   12
59.000000   12
60.000000   12
61.000000   12
62.000000   12
63.000000   12
64.000000   12
65.000000   12
66.000000   12
67.000000   12
68.000000   12
69.000000   12
70.000000   12
71.000000   12
72.000000   12
73.000000   12
74.000000   12
75.000000   12
76.000000   12
77.000000   11
78.000000   12
79.000000   12
80.000000   12
81.000000   12
82.000000   12
83.000000   12
84.000000   12
85.000000   12
86.000000   12
87.000000   12
88.000000   12
89.000000   12
90.000000   12
91.000000   12
92.000000   12
93.000000   12
94.000000   12
95.000000   12
96.000000   12
97.000000   12
98.000000   7
99.000000   12
100.000000   11
101.000000   12
102.000000   11
103.000000   11
104.000000   11
105.000000   11
106.000000   12
107.000000   11
108.000000   11
109.000000   11
110.000000   11
111.000000   11
112.000000   11
113.000000   12
114.000000   11
115.000000   11
116.000000   11
117.000000   11
118.000000   11
119.000000   12
120.000000   11
121.000000   12
122.000000   11
123.000000   12
124.000000   11
125.000000   11
126.000000   12
127.000000   12
128.000000   11
129.000000   11
130.000000   11
131.000000   11
132.000000   11
133.000000   12
134.000000   12
135.000000   11
136.000000   11
137.000000   11
138.000000   12
139.000000   11
140.000000   11
141.000000   11
142.000000   12
143.000000   11
144.000000   11
145.000000   11
146.000000   12
147.000000   11
148.000000   11
149.000000   12
