150  1  2
0.000000   12
1.000000   12
2.000000   12
3.000000   12
4.000000   12
5.000000   12
6.000000   12
7.000000   12
8.000000   12
9.000000   12
10.000000   12
11.000000   12
12.000000   12
13.000000   12
14.000000   12
15.000000   12
16.000000   12
17.000000   12
18.000000   12
19.000000   12
20.000000   12
21.000000   12
22.000000   12
23.000000   12
24.000000   12
25.000000   12
26.000000   12
27.000000   12
28.000000   12
29.000000   12
30.000000   12
31.000000   12
32.000000   12
33.000000   12
34.000000   12
35.000000   12
36.000000   12
37.000000   12
38.000000   12
39.000000   12
40.000000   12
41.000000   12
42.000000   12
43.000000   12
44.000000   12
45.000000   12
46.000000   12
47.000000   12
48.000000   12
49.000000   12
50.000000   7
51.000000   7
52.000000   7
53.000000   7
54.000000   7
55.000000   7
56.000000   7
57.000000   7
58.000000   7
59.000000   7
60.000000   7
61.000000   7
62.000000   7
63.000000   7
64.000000   7
65.000000   7
66.000000   7
67.000000   7
68.000000   7
69.000000   7
70.000000   7
71.000000   7
72.000000   7
73.000000   7
74.000000   7
75.000000   7
76.000000   7
77.000000   7
78.000000   7
79.000000   7
80.000000   7
81.000000   7
82.000000   7
83.000000   7
84.000000   7
85.000000   7
86.000000   7
87.000000   7
88.000000   7
89.000000   7
90.000000   7
91.000000   7
92.000000   7
93.000000   7
94.000000   7
95.000000   7
96.000000   7
97.000000   7
98.000000   12
99.000000   7
100.000000   7
101.000000   7
102.000000   7
103.000000   7
104.000000   7
105.000000   7
106.000000   7
107.000000   7
108.000000   7
109.000000   7
110.000000   7
111.000000   7
112.000000   7
113.000000   7
114.000000   7
115.000000   7
116.000000   7
117.000000   7
118.000000   7
119.000000   7
120.000000   7
121.000000   7
122.000000   7
123.000000   7
124.000000   7
125.000000   7
126.000000   7
127.000000   7
128.000000   7
129.000000   7
130.000000   7
131.000000   7
132.000000   7
133.000000   7
134.000000   7
135.000000   7
136.000000   7
137.000000   7
138.000000   7
139.000000   7
140.000000   7
141.000000   7
142.000000   7
143.000000   7
144.000000   7
145.000000   7
146.000000   7
147.000000   7
148.000000   7
149.000000   7
