150  1  3
0.000000   4
1.000000   4
2.000000   4
3.000000   4
4.000000   4
5.000000   4
6.000000   4
7.000000   4
8.000000   4
9.000000   4
10.000000   4
11.000000   4
12.000000   4
13.000000   4
14.000000   4
15.000000   4
16.000000   4
17.000000   4
18.000000   4
19.000000   4
20.000000   4
21.000000   4
22.000000   4
23.000000   4
24.000000   4
25.000000   4
26.000000   4
27.000000   4
28.000000   4
29.000000   4
30.000000   4
31.000000   4
32.000000   4
33.000000   4
34.000000   4
35.000000   4
36.000000   4
37.000000   4
38.000000   4
39.000000   4
40.000000   4
41.000000   4
42.000000   4
43.000000   4
44.000000   4
45.000000   4
46.000000   4
47.000000   4
48.000000   4
49.000000   4
50.000000   12
51.000000   8
52.000000   12
53.000000   8
54.000000   8
55.000000   8
56.000000   8
57.000000   8
58.000000   8
59.000000   8
60.000000   8
61.000000   8
62.000000   8
63.000000   8
64.000000   8
65.000000   8
66.000000   8
67.000000   8
68.000000   8
69.000000   8
70.000000   8
71.000000   8
72.000000   8
73.000000   8
74.000000   8
75.000000   8
76.000000   8
77.000000   12
78.000000   8
79.000000   8
80.000000   8
81.000000   8
82.000000   8
83.000000   8
84.000000   8
85.000000   8
86.000000   8
87.000000   8
88.000000   8
89.000000   8
90.000000   8
91.000000   8
92.000000   8
93.000000   8
94.000000   8
95.000000   8
96.000000   8
97.000000   8
98.000000   4
99.000000   8
100.000000   12
101.000000   8
102.000000   12
103.000000   12
104.000000   12
105.000000   12
106.000000   8
107.000000   12
108.000000   12
109.000000   12
110.000000   12
111.000000   12
112.000000   12
113.000000   8
114.000000   12
115.000000   12
116.000000   12
117.000000   12
118.000000   12
119.000000   8
120.000000   12
121.000000   8
122.000000   12
123.000000   8
124.000000   12
125.000000   12
126.000000   8
127.000000   8
128.000000   12
129.000000   12
130.000000   12
131.000000   12
132.000000   12
133.000000   8
134.000000   8
135.000000   12
136.000000   12
137.000000   12
138.000000   8
139.000000   12
140.000000   12
141.000000   12
142.000000   8
143.000000   12
144.000000   12
145.000000   12
146.000000   8
147.000000   12
148.000000   12
149.000000   8
