178  1  7
0.000000   11
1.000000   11
2.000000   9
3.000000   3
4.000000   12
5.000000   3
6.000000   9
7.000000   9
8.000000   11
9.000000   11
10.000000   3
11.000000   9
12.000000   9
13.000000   9
14.000000   3
15.000000   9
16.000000   9
17.000000   11
18.000000   3
19.000000   12
20.000000   12
21.000000   12
22.000000   11
23.000000   11
24.000000   12
25.000000   12
26.000000   9
27.000000   9
28.000000   11
29.000000   11
30.000000   9
31.000000   3
32.000000   11
33.000000   9
34.000000   11
35.000000   11
36.000000   12
37.000000   11
38.000000   11
39.000000   12
40.000000   12
41.000000   11
42.000000   11
43.000000   7
44.000000   12
45.000000   11
46.000000   11
47.000000   11
48.000000   11
49.000000   9
50.000000   9
51.000000   9
52.000000   9
53.000000   3
54.000000   11
55.000000   11
56.000000   11
57.000000   9
58.000000   9
59.000000   6
60.000000   7
61.000000   6
62.000000   7
63.000000   1
64.000000   1
65.000000   7
66.000000   6
67.000000   6
68.000000   12
69.000000   12
70.000000   12
71.000000   1
72.000000   6
73.000000   11
74.000000   12
75.000000   1
76.000000   1
77.000000   6
78.000000   12
79.000000   6
80.000000   1
81.000000   12
82.000000   7
83.000000   6
84.000000   6
85.000000   6
86.000000   6
87.000000   6
88.000000   7
89.000000   7
90.000000   6
91.000000   6
92.000000   6
93.000000   1
94.000000   1
95.000000   11
96.000000   7
97.000000   1
98.000000   7
99.000000   1
100.000000   7
101.000000   6
102.000000   1
103.000000   1
104.000000   7
105.000000   1
106.000000   6
107.000000   6
108.000000   1
109.000000   7
110.000000   6
111.000000   1
112.000000   7
113.000000   1
114.000000   1
115.000000   1
116.000000   6
117.000000   1
118.000000   1
119.000000   6
120.000000   7
121.000000   6
122.000000   1
123.000000   1
124.000000   1
125.000000   1
126.000000   1
127.000000   6
128.000000   1
129.000000   6
130.000000   7
131.000000   6
132.000000   6
133.000000   7
134.000000   7
135.000000   7
136.000000   12
137.000000   6
138.000000   6
139.000000   6
140.000000   7
141.000000   12
142.000000   6
143.000000   6
144.000000   12
145.000000   12
146.000000   1
147.000000   7
148.000000   7
149.000000   6
150.000000   6
151.000000   6
152.000000   1
153.000000   7
154.000000   7
155.000000   12
156.000000   6
157.000000   12
158.000000   7
159.000000   7
160.000000   6
161.000000   7
162.000000   6
163.000000   7
164.000000   7
165.000000   6
166.000000   7
167.000000   7
168.000000   12
169.000000   7
170.000000   6
171.000000   6
172.000000   7
173.000000   12
174.000000   12
175.000000   12
176.000000   12
177.000000   6
