178  1  4
0.000000   3
1.000000   3
2.000000   3
3.000000   7
4.000000   12
5.000000   7
6.000000   7
7.000000   7
8.000000   3
9.000000   3
10.000000   7
11.000000   7
12.000000   7
13.000000   3
14.000000   7
15.000000   7
16.000000   7
17.000000   3
18.000000   7
19.000000   3
20.000000   12
21.000000   12
22.000000   3
23.000000   3
24.000000   3
25.000000   3
26.000000   3
27.000000   7
28.000000   3
29.000000   3
30.000000   7
31.000000   7
32.000000   3
33.000000   7
34.000000   3
35.000000   3
36.000000   3
37.000000   3
38.000000   3
39.000000   12
40.000000   3
41.000000   3
42.000000   3
43.000000   12
44.000000   3
45.000000   3
46.000000   3
47.000000   3
48.000000   3
49.000000   7
50.000000   3
51.000000   7
52.000000   3
53.000000   7
54.000000   3
55.000000   3
56.000000   3
57.000000   7
58.000000   7
59.000000   12
60.000000   12
61.000000   9
62.000000   12
63.000000   9
64.000000   9
65.000000   12
66.000000   9
67.000000   9
68.000000   12
69.000000   12
70.000000   3
71.000000   9
72.000000   9
73.000000   3
74.000000   3
75.000000   9
76.000000   9
77.000000   9
78.000000   12
79.000000   9
80.000000   9
81.000000   12
82.000000   12
83.000000   12
84.000000   12
85.000000   9
86.000000   9
87.000000   12
88.000000   12
89.000000   12
90.000000   9
91.000000   9
92.000000   9
93.000000   9
94.000000   9
95.000000   3
96.000000   12
97.000000   9
98.000000   12
99.000000   9
100.000000   12
101.000000   12
102.000000   9
103.000000   9
104.000000   12
105.000000   9
106.000000   9
107.000000   9
108.000000   9
109.000000   12
110.000000   12
111.000000   9
112.000000   12
113.000000   9
114.000000   9
115.000000   9
116.000000   9
117.000000   9
118.000000   9
119.000000   12
120.000000   12
121.000000   9
122.000000   9
123.000000   9
124.000000   9
125.000000   9
126.000000   9
127.000000   9
128.000000   9
129.000000   12
130.000000   12
131.000000   12
132.000000   12
133.000000   12
134.000000   12
135.000000   12
136.000000   12
137.000000   12
138.000000   12
139.000000   12
140.000000   12
141.000000   12
142.000000   12
143.000000   12
144.000000   3
145.000000   3
146.000000   9
147.000000   12
148.000000   12
149.000000   12
150.000000   9
151.000000   9
152.000000   9
153.000000   12
154.000000   12
155.000000   12
156.000000   9
157.000000   3
158.000000   12
159.000000   12
160.000000   12
161.000000   12
162.000000   12
163.000000   12
164.000000   12
165.000000   12
166.000000   12
167.000000   12
168.000000   12
169.000000   12
170.000000   9
171.000000   9
172.000000   12
173.000000   12
174.000000   12
175.000000   3
176.000000   3
177.000000   12
