178  1  6
0.000000   4
1.000000   4
2.000000   4
3.000000   11
4.000000   13
5.000000   11
6.000000   11
7.000000   11
8.000000   4
9.000000   4
10.000000   11
11.000000   4
12.000000   11
13.000000   4
14.000000   11
15.000000   11
16.000000   11
17.000000   4
18.000000   11
19.000000   1
20.000000   13
21.000000   13
22.000000   4
23.000000   4
24.000000   1
25.000000   1
26.000000   4
27.000000   11
28.000000   1
29.000000   4
30.000000   11
31.000000   11
32.000000   4
33.000000   4
34.000000   4
35.000000   1
36.000000   1
37.000000   4
38.000000   4
39.000000   13
40.000000   1
41.000000   4
42.000000   4
43.000000   13
44.000000   1
45.000000   4
46.000000   4
47.000000   4
48.000000   4
49.000000   4
50.000000   4
51.000000   4
52.000000   4
53.000000   11
54.000000   4
55.000000   4
56.000000   1
57.000000   4
58.000000   11
59.000000   8
60.000000   13
61.000000   8
62.000000   13
63.000000   8
64.000000   7
65.000000   13
66.000000   8
67.000000   8
68.000000   13
69.000000   13
70.000000   1
71.000000   7
72.000000   8
73.000000   4
74.000000   1
75.000000   8
76.000000   7
77.000000   8
78.000000   13
79.000000   8
80.000000   7
81.000000   13
82.000000   13
83.000000   8
84.000000   8
85.000000   8
86.000000   8
87.000000   8
88.000000   13
89.000000   13
90.000000   8
91.000000   8
92.000000   8
93.000000   7
94.000000   7
95.000000   1
96.000000   13
97.000000   8
98.000000   13
99.000000   7
100.000000   13
101.000000   8
102.000000   8
103.000000   7
104.000000   13
105.000000   7
106.000000   8
107.000000   8
108.000000   7
109.000000   13
110.000000   8
111.000000   7
112.000000   13
113.000000   8
114.000000   7
115.000000   7
116.000000   8
117.000000   7
118.000000   7
119.000000   8
120.000000   13
121.000000   8
122.000000   7
123.000000   7
124.000000   7
125.000000   7
126.000000   7
127.000000   8
128.000000   7
129.000000   8
130.000000   13
131.000000   8
132.000000   8
133.000000   13
134.000000   13
135.000000   13
136.000000   13
137.000000   8
138.000000   8
139.000000   13
140.000000   13
141.000000   13
142.000000   8
143.000000   8
144.000000   1
145.000000   1
146.000000   7
147.000000   13
148.000000   13
149.000000   8
150.000000   8
151.000000   8
152.000000   8
153.000000   13
154.000000   13
155.000000   13
156.000000   8
157.000000   1
158.000000   13
159.000000   13
160.000000   8
161.000000   13
162.000000   8
163.000000   13
164.000000   13
165.000000   8
166.000000   13
167.000000   13
168.000000   13
169.000000   13
170.000000   8
171.000000   8
172.000000   13
173.000000   13
174.000000   13
175.000000   1
176.000000   1
177.000000   8
