178  1  3
0.000000   3
1.000000   3
2.000000   9
3.000000   9
4.000000   3
5.000000   9
6.000000   9
7.000000   9
8.000000   3
9.000000   3
10.000000   9
11.000000   9
12.000000   9
13.000000   3
14.000000   9
15.000000   9
16.000000   9
17.000000   3
18.000000   9
19.000000   3
20.000000   3
21.000000   3
22.000000   3
23.000000   3
24.000000   3
25.000000   3
26.000000   9
27.000000   9
28.000000   3
29.000000   3
30.000000   9
31.000000   9
32.000000   3
33.000000   9
34.000000   3
35.000000   3
36.000000   3
37.000000   3
38.000000   3
39.000000   3
40.000000   3
41.000000   3
42.000000   3
43.000000   3
44.000000   3
45.000000   3
46.000000   3
47.000000   3
48.000000   3
49.000000   9
50.000000   3
51.000000   9
52.000000   9
53.000000   9
54.000000   3
55.000000   3
56.000000   3
57.000000   9
58.000000   9
59.000000   12
60.000000   3
61.000000   12
62.000000   12
63.000000   12
64.000000   12
65.000000   3
66.000000   12
67.000000   12
68.000000   3
69.000000   3
70.000000   3
71.000000   12
72.000000   12
73.000000   3
74.000000   3
75.000000   12
76.000000   12
77.000000   12
78.000000   3
79.000000   12
80.000000   12
81.000000   3
82.000000   12
83.000000   12
84.000000   12
85.000000   12
86.000000   12
87.000000   12
88.000000   3
89.000000   12
90.000000   12
91.000000   12
92.000000   12
93.000000   12
94.000000   12
95.000000   3
96.000000   12
97.000000   12
98.000000   3
99.000000   12
100.000000   3
101.000000   12
102.000000   12
103.000000   12
104.000000   3
105.000000   12
106.000000   12
107.000000   12
108.000000   12
109.000000   3
110.000000   12
111.000000   12
112.000000   12
113.000000   12
114.000000   12
115.000000   12
116.000000   12
117.000000   12
118.000000   12
119.000000   12
120.000000   12
121.000000   12
122.000000   12
123.000000   12
124.000000   12
125.000000   12
126.000000   12
127.000000   12
128.000000   12
129.000000   12
130.000000   12
131.000000   12
132.000000   12
133.000000   12
134.000000   3
135.000000   3
136.000000   3
137.000000   12
138.000000   12
139.000000   12
140.000000   12
141.000000   3
142.000000   12
143.000000   12
144.000000   3
145.000000   3
146.000000   12
147.000000   12
148.000000   3
149.000000   12
150.000000   12
151.000000   12
152.000000   12
153.000000   3
154.000000   3
155.000000   3
156.000000   12
157.000000   3
158.000000   3
159.000000   12
160.000000   12
161.000000   3
162.000000   12
163.000000   3
164.000000   12
165.000000   12
166.000000   3
167.000000   3
168.000000   3
169.000000   12
170.000000   12
171.000000   12
172.000000   3
173.000000   3
174.000000   3
175.000000   3
176.000000   3
177.000000   12
