178  1  8
0.000000   10
1.000000   10
2.000000   12
3.000000   6
4.000000   8
5.000000   6
6.000000   12
7.000000   12
8.000000   10
9.000000   10
10.000000   6
11.000000   12
12.000000   12
13.000000   10
14.000000   6
15.000000   12
16.000000   12
17.000000   10
18.000000   6
19.000000   2
20.000000   8
21.000000   8
22.000000   10
23.000000   10
24.000000   2
25.000000   2
26.000000   12
27.000000   12
28.000000   2
29.000000   10
30.000000   12
31.000000   6
32.000000   10
33.000000   12
34.000000   10
35.000000   2
36.000000   2
37.000000   10
38.000000   10
39.000000   8
40.000000   8
41.000000   10
42.000000   10
43.000000   9
44.000000   2
45.000000   10
46.000000   10
47.000000   10
48.000000   10
49.000000   12
50.000000   10
51.000000   12
52.000000   12
53.000000   6
54.000000   10
55.000000   10
56.000000   2
57.000000   12
58.000000   12
59.000000   3
60.000000   9
61.000000   3
62.000000   9
63.000000   3
64.000000   1
65.000000   9
66.000000   3
67.000000   3
68.000000   8
69.000000   8
70.000000   2
71.000000   1
72.000000   3
73.000000   10
74.000000   2
75.000000   3
76.000000   1
77.000000   3
78.000000   8
79.000000   3
80.000000   1
81.000000   9
82.000000   9
83.000000   3
84.000000   3
85.000000   3
86.000000   3
87.000000   3
88.000000   9
89.000000   9
90.000000   3
91.000000   3
92.000000   3
93.000000   1
94.000000   1
95.000000   2
96.000000   9
97.000000   3
98.000000   9
99.000000   1
100.000000   9
101.000000   3
102.000000   3
103.000000   3
104.000000   9
105.000000   1
106.000000   3
107.000000   3
108.000000   1
109.000000   9
110.000000   3
111.000000   1
112.000000   9
113.000000   3
114.000000   1
115.000000   1
116.000000   3
117.000000   1
118.000000   1
119.000000   3
120.000000   9
121.000000   3
122.000000   1
123.000000   1
124.000000   1
125.000000   1
126.000000   1
127.000000   3
128.000000   1
129.000000   9
130.000000   9
131.000000   3
132.000000   3
133.000000   9
134.000000   9
135.000000   9
136.000000   8
137.000000   3
138.000000   9
139.000000   9
140.000000   9
141.000000   8
142.000000   3
143.000000   3
144.000000   2
145.000000   2
146.000000   3
147.000000   9
148.000000   9
149.000000   3
150.000000   3
151.000000   3
152.000000   3
153.000000   9
154.000000   9
155.000000   8
156.000000   3
157.000000   2
158.000000   9
159.000000   9
160.000000   3
161.000000   9
162.000000   9
163.000000   9
164.000000   9
165.000000   3
166.000000   9
167.000000   9
168.000000   8
169.000000   9
170.000000   3
171.000000   3
172.000000   9
173.000000   8
174.000000   8
175.000000   2
176.000000   2
177.000000   3
