178  1  7
0.000000   11
1.000000   11
2.000000   1
3.000000   4
4.000000   2
5.000000   4
6.000000   1
7.000000   1
8.000000   11
9.000000   11
10.000000   4
11.000000   1
12.000000   1
13.000000   11
14.000000   4
15.000000   1
16.000000   1
17.000000   11
18.000000   4
19.000000   5
20.000000   2
21.000000   2
22.000000   11
23.000000   11
24.000000   5
25.000000   5
26.000000   1
27.000000   1
28.000000   5
29.000000   11
30.000000   1
31.000000   4
32.000000   11
33.000000   1
34.000000   11
35.000000   5
36.000000   5
37.000000   11
38.000000   11
39.000000   2
40.000000   5
41.000000   11
42.000000   11
43.000000   2
44.000000   5
45.000000   11
46.000000   11
47.000000   11
48.000000   11
49.000000   1
50.000000   11
51.000000   1
52.000000   1
53.000000   4
54.000000   11
55.000000   11
56.000000   5
57.000000   1
58.000000   1
59.000000   8
60.000000   2
61.000000   8
62.000000   2
63.000000   13
64.000000   13
65.000000   2
66.000000   8
67.000000   8
68.000000   2
69.000000   2
70.000000   5
71.000000   13
72.000000   8
73.000000   11
74.000000   5
75.000000   8
76.000000   13
77.000000   8
78.000000   2
79.000000   8
80.000000   13
81.000000   2
82.000000   2
83.000000   8
84.000000   8
85.000000   8
86.000000   8
87.000000   2
88.000000   2
89.000000   2
90.000000   8
91.000000   8
92.000000   8
93.000000   13
94.000000   13
95.000000   5
96.000000   2
97.000000   8
98.000000   2
99.000000   13
100.000000   2
101.000000   2
102.000000   8
103.000000   13
104.000000   2
105.000000   13
106.000000   8
107.000000   8
108.000000   13
109.000000   2
110.000000   2
111.000000   13
112.000000   2
113.000000   8
114.000000   13
115.000000   13
116.000000   8
117.000000   13
118.000000   13
119.000000   2
120.000000   2
121.000000   8
122.000000   13
123.000000   13
124.000000   13
125.000000   13
126.000000   13
127.000000   8
128.000000   13
129.000000   2
130.000000   2
131.000000   8
132.000000   2
133.000000   2
134.000000   2
135.000000   2
136.000000   2
137.000000   8
138.000000   2
139.000000   2
140.000000   2
141.000000   5
142.000000   8
143.000000   8
144.000000   5
145.000000   5
146.000000   13
147.000000   2
148.000000   2
149.000000   8
150.000000   8
151.000000   8
152.000000   8
153.000000   2
154.000000   2
155.000000   2
156.000000   8
157.000000   5
158.000000   2
159.000000   2
160.000000   8
161.000000   2
162.000000   2
163.000000   2
164.000000   2
165.000000   8
166.000000   2
167.000000   2
168.000000   2
169.000000   2
170.000000   8
171.000000   8
172.000000   2
173.000000   2
174.000000   2
175.000000   5
176.000000   5
177.000000   2
