178  1  4
0.000000   7
1.000000   7
2.000000   7
3.000000   12
4.000000   10
5.000000   12
6.000000   12
7.000000   12
8.000000   7
9.000000   7
10.000000   12
11.000000   12
12.000000   12
13.000000   7
14.000000   12
15.000000   12
16.000000   12
17.000000   7
18.000000   12
19.000000   7
20.000000   10
21.000000   10
22.000000   7
23.000000   7
24.000000   7
25.000000   7
26.000000   7
27.000000   12
28.000000   7
29.000000   7
30.000000   12
31.000000   12
32.000000   7
33.000000   12
34.000000   7
35.000000   7
36.000000   7
37.000000   7
38.000000   7
39.000000   10
40.000000   7
41.000000   7
42.000000   7
43.000000   10
44.000000   7
45.000000   7
46.000000   7
47.000000   7
48.000000   7
49.000000   12
50.000000   7
51.000000   12
52.000000   7
53.000000   12
54.000000   7
55.000000   7
56.000000   7
57.000000   12
58.000000   12
59.000000   6
60.000000   10
61.000000   6
62.000000   10
63.000000   6
64.000000   6
65.000000   10
66.000000   6
67.000000   6
68.000000   10
69.000000   10
70.000000   7
71.000000   6
72.000000   6
73.000000   7
74.000000   7
75.000000   6
76.000000   6
77.000000   6
78.000000   10
79.000000   6
80.000000   6
81.000000   10
82.000000   10
83.000000   6
84.000000   6
85.000000   6
86.000000   6
87.000000   6
88.000000   10
89.000000   10
90.000000   6
91.000000   6
92.000000   6
93.000000   6
94.000000   6
95.000000   7
96.000000   10
97.000000   6
98.000000   10
99.000000   6
100.000000   10
101.000000   6
102.000000   6
103.000000   6
104.000000   10
105.000000   6
106.000000   6
107.000000   6
108.000000   6
109.000000   10
110.000000   6
111.000000   6
112.000000   10
113.000000   6
114.000000   6
115.000000   6
116.000000   6
117.000000   6
118.000000   6
119.000000   6
120.000000   10
121.000000   6
122.000000   6
123.000000   6
124.000000   6
125.000000   6
126.000000   6
127.000000   6
128.000000   6
129.000000   6
130.000000   10
131.000000   6
132.000000   6
133.000000   10
134.000000   10
135.000000   10
136.000000   10
137.000000   6
138.000000   10
139.000000   10
140.000000   10
141.000000   10
142.000000   6
143.000000   6
144.000000   7
145.000000   7
146.000000   6
147.000000   10
148.000000   10
149.000000   6
150.000000   6
151.000000   6
152.000000   6
153.000000   10
154.000000   10
155.000000   10
156.000000   6
157.000000   7
158.000000   10
159.000000   10
160.000000   6
161.000000   10
162.000000   6
163.000000   10
164.000000   10
165.000000   6
166.000000   10
167.000000   10
168.000000   10
169.000000   10
170.000000   6
171.000000   6
172.000000   10
173.000000   10
174.000000   10
175.000000   7
176.000000   7
177.000000   6
