178  1  6
0.000000   4
1.000000   4
2.000000   7
3.000000   7
4.000000   1
5.000000   7
6.000000   7
7.000000   7
8.000000   4
9.000000   4
10.000000   7
11.000000   7
12.000000   7
13.000000   4
14.000000   7
15.000000   7
16.000000   7
17.000000   4
18.000000   7
19.000000   8
20.000000   8
21.000000   8
22.000000   4
23.000000   4
24.000000   8
25.000000   8
26.000000   7
27.000000   7
28.000000   8
29.000000   4
30.000000   7
31.000000   7
32.000000   4
33.000000   7
34.000000   4
35.000000   4
36.000000   8
37.000000   4
38.000000   4
39.000000   8
40.000000   8
41.000000   4
42.000000   4
43.000000   1
44.000000   8
45.000000   4
46.000000   4
47.000000   4
48.000000   4
49.000000   7
50.000000   4
51.000000   7
52.000000   7
53.000000   7
54.000000   4
55.000000   4
56.000000   4
57.000000   7
58.000000   7
59.000000   6
60.000000   1
61.000000   6
62.000000   1
63.000000   6
64.000000   2
65.000000   1
66.000000   6
67.000000   6
68.000000   1
69.000000   1
70.000000   8
71.000000   2
72.000000   6
73.000000   4
74.000000   8
75.000000   6
76.000000   2
77.000000   6
78.000000   8
79.000000   6
80.000000   2
81.000000   1
82.000000   1
83.000000   6
84.000000   6
85.000000   6
86.000000   6
87.000000   6
88.000000   1
89.000000   1
90.000000   6
91.000000   6
92.000000   6
93.000000   2
94.000000   2
95.000000   4
96.000000   1
97.000000   6
98.000000   1
99.000000   2
100.000000   1
101.000000   6
102.000000   6
103.000000   2
104.000000   1
105.000000   2
106.000000   6
107.000000   6
108.000000   2
109.000000   1
110.000000   6
111.000000   2
112.000000   6
113.000000   6
114.000000   2
115.000000   2
116.000000   6
117.000000   2
118.000000   2
119.000000   6
120.000000   1
121.000000   6
122.000000   2
123.000000   2
124.000000   2
125.000000   2
126.000000   2
127.000000   6
128.000000   2
129.000000   6
130.000000   1
131.000000   6
132.000000   6
133.000000   6
134.000000   1
135.000000   1
136.000000   1
137.000000   6
138.000000   6
139.000000   6
140.000000   6
141.000000   8
142.000000   6
143.000000   6
144.000000   8
145.000000   8
146.000000   2
147.000000   1
148.000000   1
149.000000   6
150.000000   6
151.000000   6
152.000000   6
153.000000   1
154.000000   1
155.000000   1
156.000000   6
157.000000   8
158.000000   1
159.000000   1
160.000000   6
161.000000   1
162.000000   6
163.000000   1
164.000000   1
165.000000   6
166.000000   1
167.000000   1
168.000000   1
169.000000   1
170.000000   6
171.000000   6
172.000000   1
173.000000   1
174.000000   1
175.000000   8
176.000000   8
177.000000   6
