178  1  3
0.000000   3
1.000000   3
2.000000   12
3.000000   12
4.000000   3
5.000000   12
6.000000   12
7.000000   12
8.000000   3
9.000000   3
10.000000   12
11.000000   12
12.000000   12
13.000000   12
14.000000   12
15.000000   12
16.000000   12
17.000000   12
18.000000   12
19.000000   3
20.000000   3
21.000000   3
22.000000   3
23.000000   3
24.000000   3
25.000000   3
26.000000   12
27.000000   12
28.000000   3
29.000000   3
30.000000   12
31.000000   12
32.000000   3
33.000000   12
34.000000   12
35.000000   3
36.000000   3
37.000000   12
38.000000   3
39.000000   3
40.000000   3
41.000000   3
42.000000   12
43.000000   3
44.000000   3
45.000000   3
46.000000   3
47.000000   3
48.000000   3
49.000000   12
50.000000   12
51.000000   12
52.000000   12
53.000000   12
54.000000   3
55.000000   12
56.000000   3
57.000000   12
58.000000   12
59.000000   3
60.000000   3
61.000000   9
62.000000   3
63.000000   9
64.000000   9
65.000000   3
66.000000   3
67.000000   3
68.000000   3
69.000000   3
70.000000   3
71.000000   9
72.000000   9
73.000000   3
74.000000   3
75.000000   9
76.000000   9
77.000000   3
78.000000   3
79.000000   9
80.000000   9
81.000000   3
82.000000   3
83.000000   3
84.000000   3
85.000000   9
86.000000   3
87.000000   3
88.000000   3
89.000000   3
90.000000   9
91.000000   9
92.000000   3
93.000000   9
94.000000   9
95.000000   3
96.000000   3
97.000000   9
98.000000   3
99.000000   9
100.000000   3
101.000000   3
102.000000   9
103.000000   9
104.000000   3
105.000000   9
106.000000   3
107.000000   3
108.000000   9
109.000000   3
110.000000   3
111.000000   9
112.000000   3
113.000000   9
114.000000   9
115.000000   9
116.000000   3
117.000000   9
118.000000   9
119.000000   3
120.000000   3
121.000000   9
122.000000   9
123.000000   9
124.000000   9
125.000000   9
126.000000   9
127.000000   9
128.000000   9
129.000000   3
130.000000   3
131.000000   3
132.000000   3
133.000000   3
134.000000   3
135.000000   3
136.000000   3
137.000000   3
138.000000   3
139.000000   3
140.000000   3
141.000000   3
142.000000   3
143.000000   3
144.000000   3
145.000000   3
146.000000   9
147.000000   3
148.000000   3
149.000000   3
150.000000   3
151.000000   9
152.000000   9
153.000000   3
154.000000   3
155.000000   3
156.000000   9
157.000000   3
158.000000   3
159.000000   3
160.000000   3
161.000000   3
162.000000   3
163.000000   3
164.000000   3
165.000000   3
166.000000   3
167.000000   3
168.000000   3
169.000000   3
170.000000   3
171.000000   9
172.000000   3
173.000000   3
174.000000   3
175.000000   3
176.000000   3
177.000000   3
