178  1  10
0.000000   13
1.000000   13
2.000000   7
3.000000   11
4.000000   6
5.000000   11
6.000000   4
7.000000   4
8.000000   13
9.000000   13
10.000000   11
11.000000   4
12.000000   4
13.000000   7
14.000000   11
15.000000   4
16.000000   4
17.000000   7
18.000000   11
19.000000   3
20.000000   6
21.000000   6
22.000000   13
23.000000   13
24.000000   3
25.000000   3
26.000000   7
27.000000   4
28.000000   3
29.000000   13
30.000000   4
31.000000   11
32.000000   13
33.000000   7
34.000000   13
35.000000   3
36.000000   3
37.000000   13
38.000000   13
39.000000   6
40.000000   6
41.000000   13
42.000000   13
43.000000   12
44.000000   3
45.000000   13
46.000000   13
47.000000   13
48.000000   13
49.000000   4
50.000000   7
51.000000   4
52.000000   7
53.000000   4
54.000000   13
55.000000   7
56.000000   3
57.000000   4
58.000000   4
59.000000   5
60.000000   12
61.000000   5
62.000000   1
63.000000   9
64.000000   9
65.000000   12
66.000000   5
67.000000   5
68.000000   6
69.000000   6
70.000000   3
71.000000   9
72.000000   5
73.000000   13
74.000000   3
75.000000   9
76.000000   9
77.000000   5
78.000000   6
79.000000   5
80.000000   9
81.000000   12
82.000000   1
83.000000   5
84.000000   5
85.000000   5
86.000000   5
87.000000   5
88.000000   12
89.000000   1
90.000000   5
91.000000   5
92.000000   5
93.000000   9
94.000000   9
95.000000   3
96.000000   1
97.000000   9
98.000000   1
99.000000   9
100.000000   12
101.000000   5
102.000000   9
103.000000   9
104.000000   12
105.000000   9
106.000000   5
107.000000   5
108.000000   9
109.000000   12
110.000000   5
111.000000   9
112.000000   1
113.000000   9
114.000000   9
115.000000   9
116.000000   5
117.000000   9
118.000000   9
119.000000   5
120.000000   1
121.000000   5
122.000000   9
123.000000   9
124.000000   9
125.000000   9
126.000000   9
127.000000   5
128.000000   9
129.000000   1
130.000000   1
131.000000   5
132.000000   5
133.000000   1
134.000000   1
135.000000   12
136.000000   6
137.000000   5
138.000000   1
139.000000   1
140.000000   1
141.000000   6
142.000000   5
143.000000   5
144.000000   3
145.000000   3
146.000000   9
147.000000   1
148.000000   1
149.000000   5
150.000000   5
151.000000   5
152.000000   9
153.000000   12
154.000000   1
155.000000   6
156.000000   5
157.000000   3
158.000000   1
159.000000   1
160.000000   5
161.000000   12
162.000000   5
163.000000   12
164.000000   1
165.000000   5
166.000000   12
167.000000   12
168.000000   6
169.000000   1
170.000000   5
171.000000   5
172.000000   1
173.000000   6
174.000000   6
175.000000   3
176.000000   3
177.000000   5
