178  1  11
0.000000   3
1.000000   3
2.000000   1
3.000000   9
4.000000   6
5.000000   9
6.000000   1
7.000000   1
8.000000   3
9.000000   3
10.000000   9
11.000000   1
12.000000   1
13.000000   3
14.000000   9
15.000000   1
16.000000   1
17.000000   3
18.000000   9
19.000000   13
20.000000   6
21.000000   6
22.000000   3
23.000000   3
24.000000   13
25.000000   13
26.000000   1
27.000000   1
28.000000   13
29.000000   3
30.000000   1
31.000000   9
32.000000   3
33.000000   1
34.000000   3
35.000000   13
36.000000   13
37.000000   3
38.000000   3
39.000000   6
40.000000   6
41.000000   3
42.000000   3
43.000000   12
44.000000   13
45.000000   3
46.000000   3
47.000000   3
48.000000   3
49.000000   1
50.000000   3
51.000000   1
52.000000   1
53.000000   9
54.000000   3
55.000000   3
56.000000   3
57.000000   1
58.000000   1
59.000000   4
60.000000   12
61.000000   4
62.000000   12
63.000000   11
64.000000   11
65.000000   12
66.000000   4
67.000000   4
68.000000   6
69.000000   6
70.000000   13
71.000000   11
72.000000   4
73.000000   3
74.000000   13
75.000000   11
76.000000   11
77.000000   4
78.000000   6
79.000000   4
80.000000   10
81.000000   12
82.000000   12
83.000000   4
84.000000   4
85.000000   4
86.000000   4
87.000000   5
88.000000   12
89.000000   12
90.000000   4
91.000000   4
92.000000   4
93.000000   10
94.000000   10
95.000000   13
96.000000   12
97.000000   11
98.000000   12
99.000000   11
100.000000   12
101.000000   5
102.000000   4
103.000000   11
104.000000   12
105.000000   10
106.000000   4
107.000000   4
108.000000   10
109.000000   12
110.000000   5
111.000000   10
112.000000   7
113.000000   4
114.000000   11
115.000000   11
116.000000   4
117.000000   10
118.000000   11
119.000000   5
120.000000   12
121.000000   4
122.000000   11
123.000000   11
124.000000   11
125.000000   11
126.000000   11
127.000000   4
128.000000   10
129.000000   5
130.000000   12
131.000000   5
132.000000   5
133.000000   7
134.000000   12
135.000000   12
136.000000   6
137.000000   4
138.000000   5
139.000000   7
140.000000   7
141.000000   6
142.000000   4
143.000000   5
144.000000   13
145.000000   13
146.000000   11
147.000000   12
148.000000   12
149.000000   5
150.000000   4
151.000000   4
152.000000   11
153.000000   12
154.000000   12
155.000000   6
156.000000   4
157.000000   13
158.000000   12
159.000000   12
160.000000   4
161.000000   12
162.000000   5
163.000000   12
164.000000   7
165.000000   4
166.000000   12
167.000000   12
168.000000   6
169.000000   12
170.000000   4
171.000000   4
172.000000   12
173.000000   6
174.000000   6
175.000000   13
176.000000   13
177.000000   5
