178  1  2
0.000000   11
1.000000   11
2.000000   8
3.000000   8
4.000000   11
5.000000   8
6.000000   8
7.000000   8
8.000000   11
9.000000   11
10.000000   8
11.000000   8
12.000000   8
13.000000   8
14.000000   8
15.000000   8
16.000000   8
17.000000   8
18.000000   8
19.000000   11
20.000000   11
21.000000   11
22.000000   11
23.000000   11
24.000000   11
25.000000   11
26.000000   8
27.000000   8
28.000000   11
29.000000   11
30.000000   8
31.000000   8
32.000000   11
33.000000   8
34.000000   8
35.000000   11
36.000000   11
37.000000   8
38.000000   11
39.000000   11
40.000000   11
41.000000   11
42.000000   8
43.000000   11
44.000000   11
45.000000   11
46.000000   11
47.000000   11
48.000000   11
49.000000   8
50.000000   8
51.000000   8
52.000000   8
53.000000   8
54.000000   11
55.000000   8
56.000000   11
57.000000   8
58.000000   8
59.000000   11
60.000000   11
61.000000   11
62.000000   11
63.000000   11
64.000000   11
65.000000   11
66.000000   11
67.000000   11
68.000000   11
69.000000   11
70.000000   11
71.000000   11
72.000000   11
73.000000   11
74.000000   11
75.000000   11
76.000000   11
77.000000   11
78.000000   11
79.000000   11
80.000000   11
81.000000   11
82.000000   11
83.000000   11
84.000000   11
85.000000   11
86.000000   11
87.000000   11
88.000000   11
89.000000   11
90.000000   11
91.000000   11
92.000000   11
93.000000   11
94.000000   11
95.000000   11
96.000000   11
97.000000   11
98.000000   11
99.000000   11
100.000000   11
101.000000   11
102.000000   11
103.000000   11
104.000000   11
105.000000   11
106.000000   11
107.000000   11
108.000000   11
109.000000   11
110.000000   11
111.000000   11
112.000000   11
113.000000   11
114.000000   11
115.000000   11
116.000000   11
117.000000   11
118.000000   11
119.000000   11
120.000000   11
121.000000   11
122.000000   11
123.000000   11
124.000000   11
125.000000   11
126.000000   11
127.000000   11
128.000000   11
129.000000   11
130.000000   11
131.000000   11
132.000000   11
133.000000   11
134.000000   11
135.000000   11
136.000000   11
137.000000   11
138.000000   11
139.000000   11
140.000000   11
141.000000   11
142.000000   11
143.000000   11
144.000000   11
145.000000   11
146.000000   11
147.000000   11
148.000000   11
149.000000   11
150.000000   11
151.000000   11
152.000000   11
153.000000   11
154.000000   11
155.000000   11
156.000000   11
157.000000   11
158.000000   11
159.000000   11
160.000000   11
161.000000   11
162.000000   11
163.000000   11
164.000000   11
165.000000   11
166.000000   11
167.000000   11
168.000000   11
169.000000   11
170.000000   11
171.000000   11
172.000000   11
173.000000   11
174.000000   11
175.000000   11
176.000000   11
177.000000   11
