178  1  11
0.000000   13
1.000000   13
2.000000   6
3.000000   5
4.000000   11
5.000000   5
6.000000   6
7.000000   6
8.000000   13
9.000000   13
10.000000   5
11.000000   6
12.000000   6
13.000000   13
14.000000   5
15.000000   6
16.000000   6
17.000000   13
18.000000   5
19.000000   11
20.000000   11
21.000000   11
22.000000   13
23.000000   13
24.000000   11
25.000000   11
26.000000   6
27.000000   6
28.000000   12
29.000000   13
30.000000   6
31.000000   5
32.000000   2
33.000000   6
34.000000   13
35.000000   12
36.000000   12
37.000000   13
38.000000   13
39.000000   11
40.000000   11
41.000000   13
42.000000   13
43.000000   1
44.000000   12
45.000000   13
46.000000   13
47.000000   2
48.000000   13
49.000000   6
50.000000   13
51.000000   6
52.000000   6
53.000000   5
54.000000   13
55.000000   13
56.000000   2
57.000000   6
58.000000   6
59.000000   9
60.000000   1
61.000000   9
62.000000   1
63.000000   3
64.000000   4
65.000000   1
66.000000   9
67.000000   9
68.000000   11
69.000000   11
70.000000   12
71.000000   3
72.000000   9
73.000000   2
74.000000   12
75.000000   3
76.000000   3
77.000000   9
78.000000   11
79.000000   9
80.000000   4
81.000000   1
82.000000   1
83.000000   9
84.000000   9
85.000000   9
86.000000   9
87.000000   7
88.000000   1
89.000000   1
90.000000   9
91.000000   9
92.000000   9
93.000000   4
94.000000   4
95.000000   2
96.000000   1
97.000000   3
98.000000   1
99.000000   3
100.000000   1
101.000000   7
102.000000   3
103.000000   3
104.000000   1
105.000000   4
106.000000   9
107.000000   9
108.000000   4
109.000000   1
110.000000   7
111.000000   4
112.000000   1
113.000000   3
114.000000   4
115.000000   3
116.000000   9
117.000000   4
118.000000   4
119.000000   7
120.000000   1
121.000000   9
122.000000   4
123.000000   4
124.000000   4
125.000000   4
126.000000   4
127.000000   9
128.000000   4
129.000000   7
130.000000   1
131.000000   7
132.000000   7
133.000000   1
134.000000   1
135.000000   1
136.000000   11
137.000000   9
138.000000   7
139.000000   7
140.000000   7
141.000000   11
142.000000   9
143.000000   7
144.000000   12
145.000000   11
146.000000   3
147.000000   1
148.000000   1
149.000000   7
150.000000   9
151.000000   9
152.000000   3
153.000000   1
154.000000   1
155.000000   11
156.000000   9
157.000000   12
158.000000   1
159.000000   1
160.000000   9
161.000000   1
162.000000   7
163.000000   1
164.000000   1
165.000000   9
166.000000   1
167.000000   1
168.000000   11
169.000000   1
170.000000   9
171.000000   9
172.000000   1
173.000000   11
174.000000   11
175.000000   11
176.000000   11
177.000000   7
