178  1  2
0.000000   5
1.000000   5
2.000000   5
3.000000   5
4.000000   8
5.000000   5
6.000000   5
7.000000   5
8.000000   5
9.000000   5
10.000000   5
11.000000   5
12.000000   5
13.000000   5
14.000000   5
15.000000   5
16.000000   5
17.000000   5
18.000000   5
19.000000   8
20.000000   8
21.000000   8
22.000000   5
23.000000   5
24.000000   8
25.000000   8
26.000000   5
27.000000   5
28.000000   8
29.000000   5
30.000000   5
31.000000   5
32.000000   8
33.000000   5
34.000000   5
35.000000   8
36.000000   8
37.000000   5
38.000000   5
39.000000   8
40.000000   8
41.000000   5
42.000000   5
43.000000   8
44.000000   8
45.000000   5
46.000000   5
47.000000   8
48.000000   5
49.000000   5
50.000000   5
51.000000   5
52.000000   5
53.000000   5
54.000000   5
55.000000   5
56.000000   8
57.000000   5
58.000000   5
59.000000   8
60.000000   8
61.000000   8
62.000000   8
63.000000   8
64.000000   8
65.000000   8
66.000000   8
67.000000   8
68.000000   8
69.000000   8
70.000000   8
71.000000   8
72.000000   8
73.000000   8
74.000000   8
75.000000   8
76.000000   8
77.000000   8
78.000000   8
79.000000   8
80.000000   8
81.000000   8
82.000000   8
83.000000   8
84.000000   8
85.000000   8
86.000000   8
87.000000   8
88.000000   8
89.000000   8
90.000000   8
91.000000   8
92.000000   8
93.000000   8
94.000000   8
95.000000   8
96.000000   8
97.000000   8
98.000000   8
99.000000   8
100.000000   8
101.000000   8
102.000000   8
103.000000   8
104.000000   8
105.000000   8
106.000000   8
107.000000   8
108.000000   8
109.000000   8
110.000000   8
111.000000   8
112.000000   8
113.000000   8
114.000000   8
115.000000   8
116.000000   8
117.000000   8
118.000000   8
119.000000   8
120.000000   8
121.000000   8
122.000000   8
123.000000   8
124.000000   8
125.000000   8
126.000000   8
127.000000   8
128.000000   8
129.000000   8
130.000000   8
131.000000   8
132.000000   8
133.000000   8
134.000000   8
135.000000   8
136.000000   8
137.000000   8
138.000000   8
139.000000   8
140.000000   8
141.000000   8
142.000000   8
143.000000   8
144.000000   8
145.000000   8
146.000000   8
147.000000   8
148.000000   8
149.000000   8
150.000000   8
151.000000   8
152.000000   8
153.000000   8
154.000000   8
155.000000   8
156.000000   8
157.000000   8
158.000000   8
159.000000   8
160.000000   8
161.000000   8
162.000000   8
163.000000   8
164.000000   8
165.000000   8
166.000000   8
167.000000   8
168.000000   8
169.000000   8
170.000000   8
171.000000   8
172.000000   8
173.000000   8
174.000000   8
175.000000   8
176.000000   8
177.000000   8
