178  1  9
0.000000   6
1.000000   6
2.000000   12
3.000000   4
4.000000   11
5.000000   4
6.000000   12
7.000000   12
8.000000   6
9.000000   6
10.000000   4
11.000000   12
12.000000   12
13.000000   6
14.000000   4
15.000000   12
16.000000   12
17.000000   6
18.000000   4
19.000000   7
20.000000   7
21.000000   7
22.000000   6
23.000000   6
24.000000   7
25.000000   7
26.000000   12
27.000000   12
28.000000   3
29.000000   6
30.000000   12
31.000000   4
32.000000   6
33.000000   12
34.000000   6
35.000000   3
36.000000   7
37.000000   6
38.000000   6
39.000000   7
40.000000   7
41.000000   6
42.000000   6
43.000000   11
44.000000   3
45.000000   6
46.000000   6
47.000000   6
48.000000   6
49.000000   12
50.000000   6
51.000000   12
52.000000   12
53.000000   12
54.000000   6
55.000000   6
56.000000   3
57.000000   12
58.000000   12
59.000000   9
60.000000   11
61.000000   9
62.000000   5
63.000000   9
64.000000   13
65.000000   11
66.000000   9
67.000000   9
68.000000   7
69.000000   11
70.000000   7
71.000000   13
72.000000   9
73.000000   6
74.000000   3
75.000000   9
76.000000   13
77.000000   9
78.000000   7
79.000000   9
80.000000   13
81.000000   11
82.000000   5
83.000000   9
84.000000   9
85.000000   9
86.000000   9
87.000000   9
88.000000   11
89.000000   5
90.000000   9
91.000000   9
92.000000   9
93.000000   13
94.000000   13
95.000000   3
96.000000   5
97.000000   9
98.000000   11
99.000000   13
100.000000   11
101.000000   9
102.000000   9
103.000000   13
104.000000   11
105.000000   13
106.000000   9
107.000000   9
108.000000   13
109.000000   11
110.000000   5
111.000000   13
112.000000   5
113.000000   9
114.000000   13
115.000000   13
116.000000   9
117.000000   13
118.000000   13
119.000000   5
120.000000   5
121.000000   9
122.000000   13
123.000000   13
124.000000   13
125.000000   13
126.000000   13
127.000000   9
128.000000   13
129.000000   5
130.000000   5
131.000000   9
132.000000   9
133.000000   5
134.000000   11
135.000000   11
136.000000   11
137.000000   9
138.000000   5
139.000000   5
140.000000   5
141.000000   7
142.000000   9
143.000000   9
144.000000   7
145.000000   7
146.000000   13
147.000000   5
148.000000   11
149.000000   9
150.000000   9
151.000000   9
152.000000   9
153.000000   11
154.000000   11
155.000000   11
156.000000   9
157.000000   3
158.000000   11
159.000000   5
160.000000   9
161.000000   11
162.000000   5
163.000000   11
164.000000   5
165.000000   9
166.000000   11
167.000000   11
168.000000   7
169.000000   5
170.000000   9
171.000000   9
172.000000   11
173.000000   11
174.000000   7
175.000000   7
176.000000   7
177.000000   9
