178  1  9
0.000000   6
1.000000   3
2.000000   6
3.000000   11
4.000000   5
5.000000   9
6.000000   9
7.000000   9
8.000000   3
9.000000   3
10.000000   11
11.000000   9
12.000000   9
13.000000   6
14.000000   11
15.000000   9
16.000000   9
17.000000   6
18.000000   11
19.000000   4
20.000000   5
21.000000   5
22.000000   3
23.000000   3
24.000000   4
25.000000   5
26.000000   6
27.000000   9
28.000000   4
29.000000   3
30.000000   9
31.000000   11
32.000000   3
33.000000   9
34.000000   6
35.000000   4
36.000000   4
37.000000   6
38.000000   3
39.000000   5
40.000000   5
41.000000   3
42.000000   6
43.000000   7
44.000000   4
45.000000   6
46.000000   3
47.000000   3
48.000000   3
49.000000   9
50.000000   6
51.000000   9
52.000000   6
53.000000   9
54.000000   3
55.000000   6
56.000000   4
57.000000   9
58.000000   9
59.000000   13
60.000000   7
61.000000   13
62.000000   7
63.000000   12
64.000000   12
65.000000   7
66.000000   13
67.000000   13
68.000000   5
69.000000   5
70.000000   4
71.000000   12
72.000000   13
73.000000   3
74.000000   4
75.000000   12
76.000000   12
77.000000   13
78.000000   5
79.000000   13
80.000000   12
81.000000   5
82.000000   7
83.000000   13
84.000000   13
85.000000   13
86.000000   13
87.000000   13
88.000000   7
89.000000   7
90.000000   13
91.000000   13
92.000000   13
93.000000   12
94.000000   12
95.000000   4
96.000000   7
97.000000   12
98.000000   7
99.000000   12
100.000000   5
101.000000   13
102.000000   12
103.000000   12
104.000000   7
105.000000   12
106.000000   13
107.000000   13
108.000000   12
109.000000   7
110.000000   13
111.000000   12
112.000000   7
113.000000   12
114.000000   12
115.000000   12
116.000000   13
117.000000   12
118.000000   12
119.000000   13
120.000000   7
121.000000   13
122.000000   12
123.000000   12
124.000000   12
125.000000   12
126.000000   12
127.000000   13
128.000000   12
129.000000   7
130.000000   7
131.000000   13
132.000000   13
133.000000   7
134.000000   7
135.000000   5
136.000000   5
137.000000   13
138.000000   7
139.000000   7
140.000000   7
141.000000   5
142.000000   13
143.000000   13
144.000000   4
145.000000   5
146.000000   12
147.000000   7
148.000000   7
149.000000   13
150.000000   13
151.000000   13
152.000000   12
153.000000   7
154.000000   7
155.000000   5
156.000000   13
157.000000   4
158.000000   7
159.000000   7
160.000000   13
161.000000   7
162.000000   7
163.000000   7
164.000000   7
165.000000   13
166.000000   5
167.000000   5
168.000000   5
169.000000   7
170.000000   13
171.000000   13
172.000000   7
173.000000   5
174.000000   5
175.000000   5
176.000000   4
177.000000   13
