178  1  4
0.000000   7
1.000000   7
2.000000   7
3.000000   6
4.000000   10
5.000000   6
6.000000   6
7.000000   6
8.000000   7
9.000000   7
10.000000   6
11.000000   6
12.000000   6
13.000000   7
14.000000   6
15.000000   6
16.000000   6
17.000000   7
18.000000   6
19.000000   7
20.000000   10
21.000000   10
22.000000   7
23.000000   7
24.000000   7
25.000000   7
26.000000   7
27.000000   6
28.000000   7
29.000000   7
30.000000   6
31.000000   6
32.000000   7
33.000000   6
34.000000   7
35.000000   7
36.000000   7
37.000000   7
38.000000   7
39.000000   10
40.000000   7
41.000000   7
42.000000   7
43.000000   10
44.000000   7
45.000000   7
46.000000   7
47.000000   7
48.000000   7
49.000000   6
50.000000   7
51.000000   6
52.000000   7
53.000000   6
54.000000   7
55.000000   7
56.000000   7
57.000000   6
58.000000   6
59.000000   10
60.000000   10
61.000000   12
62.000000   10
63.000000   12
64.000000   12
65.000000   10
66.000000   12
67.000000   12
68.000000   10
69.000000   10
70.000000   7
71.000000   12
72.000000   12
73.000000   7
74.000000   7
75.000000   12
76.000000   12
77.000000   12
78.000000   10
79.000000   12
80.000000   12
81.000000   10
82.000000   10
83.000000   10
84.000000   10
85.000000   12
86.000000   12
87.000000   10
88.000000   10
89.000000   10
90.000000   12
91.000000   12
92.000000   12
93.000000   12
94.000000   12
95.000000   7
96.000000   10
97.000000   12
98.000000   10
99.000000   12
100.000000   10
101.000000   10
102.000000   12
103.000000   12
104.000000   10
105.000000   12
106.000000   12
107.000000   12
108.000000   12
109.000000   10
110.000000   10
111.000000   12
112.000000   10
113.000000   12
114.000000   12
115.000000   12
116.000000   12
117.000000   12
118.000000   12
119.000000   10
120.000000   10
121.000000   12
122.000000   12
123.000000   12
124.000000   12
125.000000   12
126.000000   12
127.000000   12
128.000000   12
129.000000   10
130.000000   10
131.000000   10
132.000000   10
133.000000   10
134.000000   10
135.000000   10
136.000000   10
137.000000   10
138.000000   10
139.000000   10
140.000000   10
141.000000   10
142.000000   10
143.000000   10
144.000000   7
145.000000   7
146.000000   12
147.000000   10
148.000000   10
149.000000   10
150.000000   12
151.000000   12
152.000000   12
153.000000   10
154.000000   10
155.000000   10
156.000000   12
157.000000   7
158.000000   10
159.000000   10
160.000000   10
161.000000   10
162.000000   10
163.000000   10
164.000000   10
165.000000   10
166.000000   10
167.000000   10
168.000000   10
169.000000   10
170.000000   12
171.000000   12
172.000000   10
173.000000   10
174.000000   10
175.000000   7
176.000000   7
177.000000   10
