178  1  11
0.000000   5
1.000000   5
2.000000   2
3.000000   12
4.000000   6
5.000000   12
6.000000   11
7.000000   11
8.000000   13
9.000000   13
10.000000   12
11.000000   11
12.000000   11
13.000000   2
14.000000   12
15.000000   11
16.000000   11
17.000000   2
18.000000   12
19.000000   9
20.000000   6
21.000000   6
22.000000   13
23.000000   13
24.000000   9
25.000000   9
26.000000   2
27.000000   11
28.000000   9
29.000000   13
30.000000   11
31.000000   12
32.000000   13
33.000000   11
34.000000   2
35.000000   9
36.000000   9
37.000000   2
38.000000   13
39.000000   6
40.000000   6
41.000000   13
42.000000   2
43.000000   3
44.000000   9
45.000000   2
46.000000   5
47.000000   13
48.000000   5
49.000000   11
50.000000   2
51.000000   11
52.000000   2
53.000000   12
54.000000   5
55.000000   2
56.000000   13
57.000000   11
58.000000   11
59.000000   4
60.000000   3
61.000000   4
62.000000   7
63.000000   4
64.000000   1
65.000000   3
66.000000   4
67.000000   4
68.000000   6
69.000000   6
70.000000   9
71.000000   4
72.000000   4
73.000000   13
74.000000   9
75.000000   4
76.000000   1
77.000000   4
78.000000   6
79.000000   4
80.000000   1
81.000000   6
82.000000   7
83.000000   4
84.000000   4
85.000000   4
86.000000   4
87.000000   7
88.000000   3
89.000000   7
90.000000   4
91.000000   4
92.000000   4
93.000000   1
94.000000   1
95.000000   9
96.000000   7
97.000000   4
98.000000   3
99.000000   4
100.000000   3
101.000000   7
102.000000   4
103.000000   4
104.000000   3
105.000000   1
106.000000   4
107.000000   4
108.000000   1
109.000000   3
110.000000   7
111.000000   1
112.000000   7
113.000000   4
114.000000   1
115.000000   4
116.000000   4
117.000000   1
118.000000   1
119.000000   7
120.000000   7
121.000000   4
122.000000   1
123.000000   1
124.000000   1
125.000000   1
126.000000   1
127.000000   4
128.000000   1
129.000000   7
130.000000   7
131.000000   4
132.000000   7
133.000000   7
134.000000   7
135.000000   3
136.000000   6
137.000000   4
138.000000   7
139.000000   7
140.000000   7
141.000000   6
142.000000   4
143.000000   4
144.000000   9
145.000000   9
146.000000   4
147.000000   7
148.000000   7
149.000000   4
150.000000   4
151.000000   4
152.000000   4
153.000000   3
154.000000   7
155.000000   6
156.000000   4
157.000000   9
158.000000   3
159.000000   7
160.000000   4
161.000000   3
162.000000   7
163.000000   3
164.000000   7
165.000000   4
166.000000   3
167.000000   3
168.000000   6
169.000000   7
170.000000   4
171.000000   4
172.000000   3
173.000000   6
174.000000   6
175.000000   9
176.000000   9
177.000000   7
