178  1  7
0.000000   10
1.000000   10
2.000000   12
3.000000   4
4.000000   9
5.000000   4
6.000000   12
7.000000   12
8.000000   10
9.000000   10
10.000000   4
11.000000   12
12.000000   12
13.000000   10
14.000000   4
15.000000   12
16.000000   12
17.000000   10
18.000000   4
19.000000   9
20.000000   9
21.000000   9
22.000000   10
23.000000   10
24.000000   9
25.000000   9
26.000000   12
27.000000   12
28.000000   9
29.000000   10
30.000000   12
31.000000   4
32.000000   10
33.000000   12
34.000000   10
35.000000   10
36.000000   9
37.000000   10
38.000000   10
39.000000   9
40.000000   9
41.000000   10
42.000000   10
43.000000   11
44.000000   9
45.000000   10
46.000000   10
47.000000   10
48.000000   10
49.000000   12
50.000000   10
51.000000   12
52.000000   12
53.000000   4
54.000000   10
55.000000   10
56.000000   10
57.000000   12
58.000000   12
59.000000   3
60.000000   11
61.000000   3
62.000000   11
63.000000   6
64.000000   6
65.000000   11
66.000000   3
67.000000   3
68.000000   9
69.000000   9
70.000000   9
71.000000   6
72.000000   3
73.000000   10
74.000000   9
75.000000   6
76.000000   6
77.000000   3
78.000000   9
79.000000   3
80.000000   6
81.000000   11
82.000000   11
83.000000   3
84.000000   3
85.000000   3
86.000000   3
87.000000   3
88.000000   11
89.000000   11
90.000000   3
91.000000   3
92.000000   3
93.000000   6
94.000000   6
95.000000   10
96.000000   11
97.000000   6
98.000000   11
99.000000   6
100.000000   11
101.000000   3
102.000000   3
103.000000   6
104.000000   11
105.000000   6
106.000000   3
107.000000   3
108.000000   6
109.000000   11
110.000000   3
111.000000   6
112.000000   11
113.000000   6
114.000000   6
115.000000   6
116.000000   3
117.000000   6
118.000000   6
119.000000   3
120.000000   11
121.000000   3
122.000000   6
123.000000   6
124.000000   6
125.000000   6
126.000000   6
127.000000   3
128.000000   6
129.000000   3
130.000000   11
131.000000   3
132.000000   3
133.000000   11
134.000000   11
135.000000   11
136.000000   11
137.000000   3
138.000000   3
139.000000   11
140.000000   11
141.000000   9
142.000000   3
143.000000   3
144.000000   9
145.000000   9
146.000000   6
147.000000   11
148.000000   11
149.000000   3
150.000000   3
151.000000   3
152.000000   6
153.000000   11
154.000000   11
155.000000   9
156.000000   3
157.000000   9
158.000000   11
159.000000   11
160.000000   3
161.000000   11
162.000000   3
163.000000   11
164.000000   11
165.000000   3
166.000000   11
167.000000   11
168.000000   9
169.000000   11
170.000000   3
171.000000   3
172.000000   11
173.000000   9
174.000000   9
175.000000   9
176.000000   9
177.000000   3
