178  1  3
0.000000   12
1.000000   12
2.000000   3
3.000000   3
4.000000   12
5.000000   3
6.000000   3
7.000000   3
8.000000   12
9.000000   12
10.000000   3
11.000000   3
12.000000   3
13.000000   12
14.000000   3
15.000000   3
16.000000   3
17.000000   12
18.000000   3
19.000000   12
20.000000   12
21.000000   12
22.000000   12
23.000000   12
24.000000   12
25.000000   12
26.000000   3
27.000000   3
28.000000   12
29.000000   12
30.000000   3
31.000000   3
32.000000   12
33.000000   3
34.000000   12
35.000000   12
36.000000   12
37.000000   12
38.000000   12
39.000000   12
40.000000   12
41.000000   12
42.000000   12
43.000000   12
44.000000   12
45.000000   12
46.000000   12
47.000000   12
48.000000   12
49.000000   3
50.000000   12
51.000000   3
52.000000   3
53.000000   3
54.000000   12
55.000000   12
56.000000   12
57.000000   3
58.000000   3
59.000000   9
60.000000   12
61.000000   9
62.000000   9
63.000000   9
64.000000   9
65.000000   12
66.000000   9
67.000000   9
68.000000   12
69.000000   12
70.000000   12
71.000000   9
72.000000   9
73.000000   12
74.000000   12
75.000000   9
76.000000   9
77.000000   9
78.000000   12
79.000000   9
80.000000   9
81.000000   12
82.000000   9
83.000000   9
84.000000   9
85.000000   9
86.000000   9
87.000000   9
88.000000   12
89.000000   9
90.000000   9
91.000000   9
92.000000   9
93.000000   9
94.000000   9
95.000000   12
96.000000   9
97.000000   9
98.000000   12
99.000000   9
100.000000   12
101.000000   9
102.000000   9
103.000000   9
104.000000   12
105.000000   9
106.000000   9
107.000000   9
108.000000   9
109.000000   12
110.000000   9
111.000000   9
112.000000   9
113.000000   9
114.000000   9
115.000000   9
116.000000   9
117.000000   9
118.000000   9
119.000000   9
120.000000   9
121.000000   9
122.000000   9
123.000000   9
124.000000   9
125.000000   9
126.000000   9
127.000000   9
128.000000   9
129.000000   9
130.000000   9
131.000000   9
132.000000   9
133.000000   9
134.000000   12
135.000000   12
136.000000   12
137.000000   9
138.000000   9
139.000000   9
140.000000   9
141.000000   12
142.000000   9
143.000000   9
144.000000   12
145.000000   12
146.000000   9
147.000000   9
148.000000   12
149.000000   9
150.000000   9
151.000000   9
152.000000   9
153.000000   12
154.000000   12
155.000000   12
156.000000   9
157.000000   12
158.000000   12
159.000000   9
160.000000   9
161.000000   12
162.000000   9
163.000000   12
164.000000   9
165.000000   9
166.000000   12
167.000000   12
168.000000   12
169.000000   9
170.000000   9
171.000000   9
172.000000   12
173.000000   12
174.000000   12
175.000000   12
176.000000   12
177.000000   9
