178  1  3
0.000000   4
1.000000   2
2.000000   2
3.000000   13
4.000000   2
5.000000   2
6.000000   13
7.000000   4
8.000000   4
9.000000   2
10.000000   4
11.000000   2
12.000000   13
13.000000   4
14.000000   4
15.000000   2
16.000000   13
17.000000   13
18.000000   2
19.000000   13
20.000000   4
21.000000   13
22.000000   4
23.000000   4
24.000000   4
25.000000   2
26.000000   2
27.000000   4
28.000000   4
29.000000   4
30.000000   13
31.000000   4
32.000000   4
33.000000   4
34.000000   4
35.000000   4
36.000000   4
37.000000   4
38.000000   2
39.000000   4
40.000000   4
41.000000   13
42.000000   2
43.000000   4
44.000000   2
45.000000   4
46.000000   4
47.000000   4
48.000000   4
49.000000   13
50.000000   4
51.000000   4
52.000000   4
53.000000   4
54.000000   4
55.000000   2
56.000000   4
57.000000   4
58.000000   2
59.000000   4
60.000000   2
61.000000   13
62.000000   4
63.000000   4
64.000000   2
65.000000   2
66.000000   4
67.000000   4
68.000000   13
69.000000   4
70.000000   4
71.000000   4
72.000000   4
73.000000   13
74.000000   4
75.000000   4
76.000000   2
77.000000   4
78.000000   4
79.000000   2
80.000000   4
81.000000   4
82.000000   4
83.000000   13
84.000000   4
85.000000   4
86.000000   2
87.000000   2
88.000000   2
89.000000   4
90.000000   13
91.000000   4
92.000000   2
93.000000   13
94.000000   4
95.000000   4
96.000000   4
97.000000   4
98.000000   13
99.000000   4
100.000000   13
101.000000   4
102.000000   2
103.000000   13
104.000000   4
105.000000   4
106.000000   13
107.000000   4
108.000000   2
109.000000   4
110.000000   4
111.000000   13
112.000000   4
113.000000   2
114.000000   13
115.000000   4
116.000000   2
117.000000   4
118.000000   4
119.000000   13
120.000000   4
121.000000   2
122.000000   4
123.000000   13
124.000000   4
125.000000   4
126.000000   4
127.000000   4
128.000000   4
129.000000   4
130.000000   13
131.000000   2
132.000000   4
133.000000   4
134.000000   13
135.000000   4
136.000000   4
137.000000   13
138.000000   4
139.000000   2
140.000000   13
141.000000   4
142.000000   2
143.000000   13
144.000000   4
145.000000   2
146.000000   4
147.000000   4
148.000000   4
149.000000   4
150.000000   4
151.000000   4
152.000000   2
153.000000   4
154.000000   2
155.000000   2
156.000000   4
157.000000   4
158.000000   2
159.000000   4
160.000000   4
161.000000   4
162.000000   4
163.000000   4
164.000000   4
165.000000   13
166.000000   4
167.000000   4
168.000000   4
169.000000   4
170.000000   4
171.000000   4
172.000000   4
173.000000   2
174.000000   4
175.000000   2
176.000000   4
177.000000   4
