178  1  2
0.000000   12
1.000000   12
2.000000   12
3.000000   8
4.000000   12
5.000000   12
6.000000   8
7.000000   12
8.000000   12
9.000000   12
10.000000   12
11.000000   12
12.000000   8
13.000000   12
14.000000   12
15.000000   12
16.000000   8
17.000000   8
18.000000   12
19.000000   8
20.000000   12
21.000000   8
22.000000   12
23.000000   12
24.000000   12
25.000000   12
26.000000   12
27.000000   12
28.000000   12
29.000000   12
30.000000   8
31.000000   12
32.000000   12
33.000000   12
34.000000   12
35.000000   12
36.000000   12
37.000000   12
38.000000   12
39.000000   12
40.000000   12
41.000000   8
42.000000   12
43.000000   12
44.000000   12
45.000000   12
46.000000   12
47.000000   12
48.000000   12
49.000000   8
50.000000   12
51.000000   12
52.000000   12
53.000000   12
54.000000   12
55.000000   12
56.000000   12
57.000000   12
58.000000   12
59.000000   12
60.000000   12
61.000000   8
62.000000   12
63.000000   12
64.000000   12
65.000000   12
66.000000   12
67.000000   12
68.000000   8
69.000000   12
70.000000   12
71.000000   12
72.000000   12
73.000000   8
74.000000   12
75.000000   12
76.000000   12
77.000000   12
78.000000   12
79.000000   12
80.000000   12
81.000000   12
82.000000   12
83.000000   8
84.000000   12
85.000000   12
86.000000   12
87.000000   12
88.000000   12
89.000000   12
90.000000   8
91.000000   12
92.000000   12
93.000000   8
94.000000   12
95.000000   12
96.000000   12
97.000000   12
98.000000   8
99.000000   12
100.000000   8
101.000000   12
102.000000   12
103.000000   8
104.000000   12
105.000000   12
106.000000   8
107.000000   12
108.000000   12
109.000000   12
110.000000   12
111.000000   8
112.000000   12
113.000000   12
114.000000   8
115.000000   12
116.000000   12
117.000000   12
118.000000   12
119.000000   8
120.000000   12
121.000000   12
122.000000   12
123.000000   8
124.000000   12
125.000000   12
126.000000   12
127.000000   12
128.000000   12
129.000000   12
130.000000   8
131.000000   12
132.000000   12
133.000000   12
134.000000   8
135.000000   12
136.000000   12
137.000000   8
138.000000   12
139.000000   12
140.000000   8
141.000000   12
142.000000   12
143.000000   8
144.000000   12
145.000000   12
146.000000   12
147.000000   12
148.000000   12
149.000000   12
150.000000   12
151.000000   12
152.000000   12
153.000000   12
154.000000   12
155.000000   12
156.000000   12
157.000000   12
158.000000   12
159.000000   12
160.000000   12
161.000000   12
162.000000   12
163.000000   12
164.000000   12
165.000000   8
166.000000   12
167.000000   12
168.000000   12
169.000000   12
170.000000   12
171.000000   12
172.000000   12
173.000000   12
174.000000   12
175.000000   12
176.000000   12
177.000000   12
