178  1  3
0.000000   11
1.000000   5
2.000000   5
3.000000   12
4.000000   5
5.000000   5
6.000000   12
7.000000   11
8.000000   11
9.000000   5
10.000000   11
11.000000   5
12.000000   12
13.000000   11
14.000000   11
15.000000   5
16.000000   12
17.000000   12
18.000000   5
19.000000   12
20.000000   11
21.000000   12
22.000000   11
23.000000   11
24.000000   11
25.000000   5
26.000000   5
27.000000   11
28.000000   11
29.000000   11
30.000000   12
31.000000   11
32.000000   11
33.000000   11
34.000000   11
35.000000   11
36.000000   11
37.000000   11
38.000000   5
39.000000   11
40.000000   11
41.000000   12
42.000000   5
43.000000   11
44.000000   5
45.000000   11
46.000000   11
47.000000   11
48.000000   11
49.000000   12
50.000000   11
51.000000   11
52.000000   11
53.000000   11
54.000000   11
55.000000   5
56.000000   11
57.000000   11
58.000000   5
59.000000   11
60.000000   5
61.000000   12
62.000000   11
63.000000   11
64.000000   5
65.000000   5
66.000000   11
67.000000   11
68.000000   12
69.000000   11
70.000000   11
71.000000   11
72.000000   11
73.000000   12
74.000000   11
75.000000   11
76.000000   5
77.000000   11
78.000000   11
79.000000   5
80.000000   11
81.000000   11
82.000000   11
83.000000   12
84.000000   11
85.000000   11
86.000000   5
87.000000   5
88.000000   5
89.000000   11
90.000000   12
91.000000   11
92.000000   5
93.000000   12
94.000000   11
95.000000   11
96.000000   11
97.000000   11
98.000000   12
99.000000   11
100.000000   12
101.000000   11
102.000000   5
103.000000   12
104.000000   11
105.000000   11
106.000000   12
107.000000   11
108.000000   5
109.000000   11
110.000000   11
111.000000   12
112.000000   11
113.000000   5
114.000000   12
115.000000   11
116.000000   5
117.000000   11
118.000000   11
119.000000   12
120.000000   11
121.000000   5
122.000000   11
123.000000   12
124.000000   11
125.000000   11
126.000000   11
127.000000   11
128.000000   11
129.000000   11
130.000000   12
131.000000   5
132.000000   11
133.000000   11
134.000000   12
135.000000   11
136.000000   11
137.000000   12
138.000000   11
139.000000   5
140.000000   12
141.000000   11
142.000000   5
143.000000   12
144.000000   11
145.000000   5
146.000000   11
147.000000   11
148.000000   11
149.000000   11
150.000000   11
151.000000   11
152.000000   5
153.000000   11
154.000000   5
155.000000   5
156.000000   11
157.000000   11
158.000000   5
159.000000   11
160.000000   11
161.000000   11
162.000000   11
163.000000   11
164.000000   11
165.000000   12
166.000000   11
167.000000   11
168.000000   11
169.000000   11
170.000000   11
171.000000   11
172.000000   11
173.000000   5
174.000000   11
175.000000   5
176.000000   11
177.000000   11
